# R-scape :: RNA Structural Covariation Above Phylogenetic Expectation
# R-scape 1.5.4 elenarivas@fas.harvard.edu (May 2020)
# Copyright (C) 2016-2019 Howard Hughes Medical Institute.
# Freely distributed under the GNU General Public License (GPLv3).
gnuplot not found. Some plots will not display
#-------------------------------------------------------------------------------------------------------
# MSA RF00177_SSU_rRNA_bacteria nseq 99 (99) alen 1565 (1980) avgid 73.00 (72.61) nbpairs 462 (462)
# Two-set statistical test (one test for annotated basepairs, another for all other pairs)
#
#
# Method Target_E-val [cov_min,cov_max] [FP | TP True Found | Sen PPV F] 
# GTp    0.05         [-9.73,244.46]     [1 | 240 462 241 | 51.95 99.59 68.28] 
#
#       left_pos       right_pos        score          E-value       substitutions      power
#-------------------------------------------------------------------------------------------------------
*	    1093	    1194	244.45753	2.97585e-17	152		0.91
*	    1348	    1356	233.16462	2.40318e-16	157		0.92
*	    1652	    1707	232.25979	2.93201e-16	169		0.93
*	    1500	    1556	227.71459	6.82704e-16	172		0.94
*	     930	    1002	226.06111	9.19962e-16	188		0.96
*	    1094	    1193	224.91002	1.12234e-15	171		0.94
*	     943	     971	224.48420	1.23965e-15	170		0.94
*	     756	     797	213.84781	9.04895e-15	127		0.85
*	    1325	    1418	212.89421	1.05034e-14	194		0.96
*	     309	     320	210.48644	1.6425e-14	163		0.93
*	    1653	    1706	210.27984	1.72616e-14	137		0.88
*	     308	     321	209.77175	1.90646e-14	151		0.91
*	     686	     745	209.41111	2.10558e-14	171		0.94
*	    1310	    1626	207.37529	2.98108e-14	147		0.90
*	     555	     568	207.25717	3.13288e-14	124		0.85
*	     687	     744	207.01605	3.29241e-14	153		0.91
*	     922	    1009	206.50754	3.46007e-14	175		0.94
*	     871	     885	206.31206	3.63625e-14	191		0.96
*	     931	    1001	205.07111	4.6612e-14	135		0.87
*	      97	     109	204.14431	5.41003e-14	201		0.97
*	     643	     678	202.38576	7.65882e-14	163		0.93
*	    1724	    1741	201.84549	8.45845e-14	153		0.91
*	    1095	    1192	199.30078	1.38969e-13	156		0.91
*	     833	    1028	196.58180	2.28304e-13	135		0.87
*	    1566	    1579	195.31043	2.92616e-13	146		0.90
*	     525	     544	194.95270	3.07507e-13	150		0.90
*	    1104	    1164	191.57656	5.86208e-13	102		0.78
*	      59	     594	191.39874	5.86208e-13	128		0.86
*	     873	     883	190.46341	7.14914e-13	164		0.93
*	     475	     519	187.84400	1.17418e-12	99		0.76
*	    1324	    1419	186.76325	1.43191e-12	162		0.92
*	     312	     317	185.30006	1.835e-12	146		0.90
*	     296	     332	184.13797	2.3515e-12	154		0.91
*	     933	     999	182.61989	3.01332e-12	91		0.73
*	    1833	    1915	182.42050	3.16653e-12	151		0.91
*	    1109	    1160	181.40550	3.86131e-12	163		0.93
*	     921	    1010	181.49630	3.86131e-12	149		0.90
*	     529	     538	180.34949	4.70847e-12	136		0.88
*	    1568	    1577	179.72664	5.19935e-12	168		0.93
*	     606	     626	178.14767	7.00081e-12	127		0.85
*	    1858	    1892	177.96667	7.35665e-12	149		0.90
*	     870	     886	177.82254	7.35665e-12	94		0.74
*	    1677	    1682	175.26289	1.20774e-11	103		0.78
*	     292	     457	174.73451	1.3336e-11	159		0.92
*	    1326	    1417	172.14843	2.18911e-11	169		0.93
*	     757	     796	171.20583	2.53998e-11	124		0.85
*	      98	     108	171.26927	2.53998e-11	152		0.91
*	     855	     899	169.90543	3.25406e-11	108		0.80
*	    1654	    1705	169.09031	3.77552e-11	115		0.82
*	    1037	    1077	168.78305	3.96728e-11	118		0.83
*	      96	     110	168.95854	3.96728e-11	161		0.92
*	     944	     970	168.43215	4.38051e-11	106		0.79
*	    1113	    1157	167.36934	5.34048e-11	143		0.89
*	     856	     898	165.27479	7.93721e-11	174		0.94
*	     767	     792	164.99706	8.3402e-11	142		0.89
*	     350	     361	164.81358	8.3402e-11	165		0.93
*	     293	     456	164.66601	8.76365e-11	82		0.69
*	     834	    1027	162.97409	1.17957e-10	112		0.81
*	     290	     459	162.54614	1.30236e-10	153		0.91
*	     685	     746	161.35139	1.5876e-10	135		0.87
*	    1502	    1554	160.03354	2.03349e-10	99		0.76
*	    1215	    1224	159.89112	2.13668e-10	143		0.89
*	    1567	    1578	159.62344	2.24511e-10	135		0.87
*	    1051	    1066	159.53223	2.24511e-10	108		0.80
*	    1322	    1421	159.31904	2.35904e-10	145		0.89
*	     846	     908	155.83202	4.48897e-10	158		0.92
*	     860	     895	155.56976	4.71667e-10	166		0.93
*	     383	     452	155.44233	4.95591e-10	158		0.92
*	     941	     973	154.70207	5.4714e-10	85		0.70
*	     605	     627	153.99621	6.34683e-10	94		0.74
*	    1770	    1782	153.88975	6.6687e-10	110		0.80
*	    1675	    1684	153.57205	7.00689e-10	142		0.89
*	     656	     668	153.61971	7.00689e-10	93		0.74
*	    1347	    1357	153.14586	7.36222e-10	183		0.95
*	    1498	    1558	152.29715	8.97297e-10	100		0.77
*	     276	     468	150.98411	1.09359e-09	130		0.86
*	     613	     621	150.81788	1.14903e-09	79		0.67
*	     310	     319	150.69664	1.20728e-09	162		0.92
*	     644	     677	150.28699	1.26848e-09	118		0.83
*	     289	     460	149.90747	1.40034e-09	136		0.88
*	     604	     628	149.37837	1.54591e-09	126		0.85
*	     340	     372	148.60655	1.70659e-09	102		0.78
*	    1349	    1355	148.49809	1.79308e-09	166		0.93
*	     932	    1000	148.21183	1.88396e-09	125		0.85
*	     844	     911	147.32129	2.18514e-09	165		0.93
*	     474	     520	147.43036	2.18514e-09	76		0.66
*	    1327	    1416	146.04192	2.79777e-09	161		0.92
*	    1676	    1683	145.49619	3.08845e-09	97		0.76
*	     349	     362	144.49052	3.76347e-09	187		0.96
*	    1650	    1708	143.13370	4.81817e-09	126		0.85
*	    1722	    1743	141.48186	6.4805e-09	76		0.66
*	     283	     465	141.26884	6.80863e-09	127		0.85
*	     869	     888	141.13754	7.15337e-09	117		0.83
*	     311	     318	140.96616	7.15337e-09	147		0.90
*	     291	     458	139.84454	8.71578e-09	178		0.95
*	     847	     907	138.86946	1.06191e-08	173		0.94
*	     482	     510	138.58306	1.11566e-08	77		0.66
*	     277	     467	138.04668	1.23145e-08	82		0.69
*	    1663	    1696	137.16231	1.50029e-08	122		0.84
*	    1367	    1408	136.48424	1.65596e-08	75		0.65
*	    1111	    1159	135.63118	1.92024e-08	84		0.70
*	    1250	    1805	135.48945	2.01739e-08	110		0.80
*	    1039	    1075	135.22399	2.11944e-08	112		0.81
*	    1856	    1894	134.00056	2.58191e-08	63		0.58
*	    1857	    1893	132.70487	3.30424e-08	140		0.88
*	    1727	    1738	132.65810	3.30424e-08	98		0.76
*	     942	     972	130.95421	4.66674e-08	67		0.61
*	     645	     676	130.93968	4.66674e-08	126		0.85
*	     479	     517	130.98694	4.66674e-08	108		0.80
*	     951	     960	130.63349	4.90264e-08	89		0.72
*	    1949	    1954	130.33345	5.15046e-08	116		0.82
*	     859	     896	129.07500	6.59034e-08	154		0.91
*	    1838	    1910	128.07106	8.02674e-08	132		0.87
*	      31	     808	127.74172	8.43227e-08	74		0.65
*	    1769	    1783	127.60241	8.85827e-08	102		0.78
*	    1514	    1541	127.42132	8.85827e-08	96		0.75
*	    1344	    1360	126.81731	9.77584e-08	173		0.94
*	     655	     669	127.06981	9.77584e-08	98		0.76
*	     551	     572	126.20670	1.13332e-07	101		0.77
*	     848	     906	125.39312	1.31384e-07	170		0.94
*	    1948	    1955	125.00271	1.38019e-07	117		0.83
*	     476	     518	124.95491	1.38019e-07	140		0.88
*	     275	     469	124.42565	1.52308e-07	132		0.87
*	    1114	    1156	123.86908	1.7656e-07	138		0.88
*	     614	     620	123.83744	1.7656e-07	65		0.59
*	    1098	    1191	123.04116	2.04669e-07	110		0.80
*	     874	     882	122.62509	2.14999e-07	113		0.81
*	    1865	    1888	122.30002	2.25849e-07	85		0.70
*	     338	     375	122.28053	2.37247e-07	111		0.81
*	    1311	    1625	121.90304	2.49219e-07	107		0.79
*	    1515	    1540	119.84702	3.69471e-07	49		0.48
*	    1826	    1922	118.70683	4.49832e-07	86		0.71
*	    1345	    1359	118.41454	4.72514e-07	146		0.90
*	     924	    1007	117.74013	5.47645e-07	166		0.93
*	      30	     809	117.67239	5.47645e-07	111		0.81
*	     351	     360	117.28263	5.75251e-07	102		0.78
*	    1313	    1623	116.20941	7.00292e-07	131		0.86
*	    1278	    1632	116.06117	7.35582e-07	78		0.67
*	    1115	    1155	116.17737	7.35582e-07	109		0.80
*	      73	     251	115.97567	7.35582e-07	114		0.82
*	    1430	    1614	114.90890	8.95415e-07	104		0.78
*	    1768	    1784	113.08515	1.26301e-06	62		0.57
*	      95	     111	113.22334	1.26301e-06	150		0.90
*	    1454	    1461	112.46587	1.3934e-06	90		0.73
*	     694	     737	112.57802	1.3934e-06	57		0.54
*	     294	     455	112.09260	1.53722e-06	60		0.56
*	    1855	    1895	111.81577	1.6146e-06	151		0.91
*	     845	     910	110.61821	1.96499e-06	120		0.83
*	     344	     368	110.65950	1.96499e-06	109		0.80
*	     284	     464	110.29362	2.1677e-06	50		0.49
*	      50	     634	109.99803	2.27676e-06	71		0.63
*	    1368	    1407	108.45005	3.05621e-06	85		0.70
*	      94	     113	108.01087	3.20988e-06	123		0.84
*	     919	    1013	105.89112	4.75187e-06	81		0.68
*	    1216	    1223	105.56651	4.99061e-06	117		0.83
*	     339	     374	105.60723	4.99061e-06	75		0.65
*	    1827	    1921	105.03734	5.5046e-06	117		0.83
*	     701	     729	104.89527	5.78108e-06	60		0.56
*	    1725	    1740	103.50891	7.38577e-06	34		0.35
*	    1346	    1358	103.18835	7.75652e-06	146		0.90
*	     923	    1008	103.25361	7.75652e-06	92		0.74
*	     306	     323	102.86170	8.55467e-06	94		0.74
*	    1832	    1916	102.62434	8.98398e-06	63		0.58
*	     341	     370	102.34834	9.43478e-06	117		0.83
*	    1771	    1781	100.15004	1.3956e-05	66		0.60
*	     530	     537	99.61090	1.53902e-05	56		0.53
*	     273	     471	99.38092	1.61616e-05	54		0.52
*	    1845	    1904	99.09508	1.69715e-05	114		0.82
*	     492	     502	98.60070	1.87149e-05	109		0.80
*	    1328	    1415	96.88944	2.50917e-05	111		0.81
*	     384	     451	95.99127	2.90514e-05	76		0.66
*	    1270	    1641	95.61092	3.20316e-05	53		0.51
*	      32	     807	95.61062	3.20316e-05	115		0.82
*	    1841	    1907	95.22460	3.36342e-05	157		0.92
*	    1266	    1754	95.19227	3.53168e-05	56		0.53
*	      54	     596	95.16943	3.53168e-05	69		0.62
*	    1438	    1605	94.91764	3.70832e-05	87		0.71
*	    1941	    1964	93.52247	4.73283e-05	56		0.53
*	     552	     571	92.30878	5.75207e-05	51		0.50
*	    1366	    1409	92.04554	6.03939e-05	120		0.83
*	    1499	    1557	91.52222	6.65765e-05	92		0.74
*	    1847	    1902	90.70824	7.70531e-05	74		0.65
*	    1271	    1640	89.57209	9.82899e-05	47		0.46
*	     689	     742	88.57835	0.000113737	55		0.53
*	     703	     727	88.67269	0.000113737	72		0.64
*	     841	    1019	87.98260	0.000131602	52		0.50
*	    1264	    1756	87.69102	0.000138158	56		0.53
*	     984	     997	86.73370	0.000159843	88		0.72
*	     702	     728	86.59564	0.0001678	67		0.61
*	     524	     545	85.61489	0.000203774	42		0.42
*	    1466	    1477	83.05718	0.000315295	47		0.46
*	     940	     974	82.59749	0.000347373	45		0.45
*	     683	     751	80.99019	0.000464435	130		0.86
*	    1501	    1555	80.12356	0.000536939	105		0.79
*	     755	     798	79.20439	0.000651409	45		0.45
*	      51	     632	79.00720	0.000651409	107		0.79
*	    1766	    1786	78.29937	0.000752913	44		0.44
*	    1343	    1361	78.30182	0.000752913	180		0.95
*	     768	     791	77.63226	0.000870133	57		0.54
*	     854	     900	75.70755	0.00121901	34		0.35
*	     835	    1026	75.41781	0.00127909	54		0.52
*	     684	     747	75.40783	0.00127909	159		0.92
*	    1320	    1423	74.94361	0.0014082	54		0.52
*	     823	    1197	74.84048	0.0014082	49		0.48
*	     765	     794	74.22049	0.00155026	32		0.33
*	     918	    1014	73.81953	0.00170653	38		0.39
*	      74	     249	73.51582	0.00179044	45		0.45
*	     688	     743	73.33916	0.00187844	21		0.21
*	      49	     635	73.32547	0.00187844	37		0.38
*	     861	     894	72.48452	0.00216903	23		0.24
*	    1844	    1905	72.14060	0.00227547	156		0.91
*	    1312	    1624	70.94830	0.00289059	49		0.48
*	     857	     897	69.48185	0.00367016	115		0.82
*	    1365	    1410	67.82354	0.00512228	112		0.81
*	    1726	    1739	66.44681	0.00649466	26		0.27
*	     300	     330	65.63370	0.00748638	33		0.34
*	     345	     367	65.21894	0.00784908	119		0.83
*	      93	     115	64.92262	0.0082291	128		0.86
*	    1050	    1067	64.14701	0.00948142	33		0.34
*	     575	     584	64.18398	0.00948142	36		0.37
*	    1503	    1553	63.96069	0.00993922	57		0.54
*	     271	     473	62.69996	0.0125754	99		0.76
~	     681	     750	105.61573	0.0132151	98		0.76
*	     925	    1006	61.56172	0.0151694	39		0.40
*	     297	     331	61.58351	0.0151694	118		0.83
*	     346	     365	61.39519	0.0158959	118		0.83
*	    1108	    1161	61.13049	0.0166565	46		0.46
*	     934	     998	60.79111	0.0174528	89		0.72
*	    1871	    1884	60.32217	0.0191586	34		0.35
*	    1252	    1803	60.20969	0.0191586	30		0.31
*	    1829	    1919	59.80657	0.0210273	26		0.27
*	    1112	    1158	59.49432	0.0220272	44		0.44
*	    1655	    1704	58.20556	0.0277646	125		0.85
*	    1860	    1891	57.49370	0.0304458	116		0.82
*	    1272	    1639	57.61000	0.0304458	28		0.29
*	    1099	    1190	57.53170	0.0304458	24		0.25
*	     272	     472	57.30947	0.0318789	20		0.20
*	    1263	    1757	56.90048	0.0349437	20		0.20
*	     486	     508	56.28164	0.0382923	20		0.20
*	    1837	    1911	55.39116	0.043901	92		0.74
*	    1945	    1958	54.88129	0.0480693	33		0.34

# The given structure
# SS_cons ::::::::<<<<<_________>>>>>:{{{{-{{{{{{,,{-{{{--{{{{,{----{{
#
# SS_cons {-{{{,,<<<--<<<-<<-------------<<<<<<<_________>>>>->->>----
#
# SS_cons ------------------------------------------------------------
#
# SS_cons ------------------------------------------------------------
#
# SS_cons --->>-->>->>>>,,,,,,,[[[,,,,,,((((((((----((---(((((((,<<--<
#
# SS_cons <----<<<<<<<____>>>>>>>----->>>>,,,,,<<<<--<<<--<<<________>
#
# SS_cons >>-->->>->->->>,,,,,,<<<____________________________________
#
# SS_cons ______________________________>>>,)))))))--))))))))))<<<--<-
#
# SS_cons <<<--<<<<<<<<_______>>>>>>>>>>>----->>>>,,<<<<-<<<<____>>>>-
#
# SS_cons -->>>>]]],<<<<<<__________>>>>>>,<<<<____>>>>,,,}}}}}}-},,,,
#
# SS_cons ,<-<<<---<<<<<_____>>>>>->>>>,}}-}}}}}},,<<<<--------<<<<___
#
# SS_cons ______>>>>----->>>>,,,<<<<<<<----<------<<<_________________
#
# SS_cons ______>>>------->---->>>>>>--->,,<<<<<------<<<<<-----<<____
#
# SS_cons >>------->>>>>>>>>>,}}}}}}}}}}::::::::::{{{-----{,[-[[[-[-[[
#
# SS_cons [,<<<<<<<--<<<<<<-<<<<<----<<<<-<<<_____>>>->>->>-->>>>>>>>>
#
# SS_cons -->>>>>>->>>,,,,(((((((((--(((((((<<--<<<<<<<<---<<<______>>
#
# SS_cons >------>>>>>>>>-->>,,,,<----<<____>>>)))))))-))))))-))),,,]]
#
# SS_cons ]]---]]]],,,,,<<<-<<<---<<---<<<<__________>>>>--->>>>>->>>,
#
# SS_cons ,,,,,,,,,,,((((--((,,,<<-<<<<-<<<<<<________________________
#
# SS_cons _____________>>>>>>>>>>>>,,,,,,,,,,,<<____>>,,,,,))))))}}}}:
#
# SS_cons ::<<<--------<<<<____>>>>---->>>:::::::::{{{{{-{{{{{{{--{{,,
#
# SS_cons ,{{{{{{{{{{{{{{{{{,,,,<<<<________>>>>,,,,,,,,,{{{{{{{,,,,,(
#
# SS_cons ((-(((((,,,,,,,,,,,,,,<<<<<<<_____>>>>>>>,,,<<<<____________
#
# SS_cons __________________________>>>>,,,,)))))-))),[-[-[[[[--[[[[[[
#
# SS_cons [[[,,,((((((<<<____>>>,,<<<<______>>>>,,,)))))),,,,,((((,<<<
#
# SS_cons <<<<---<<---<<<________________________>>>-->>----->>>>>>>,,
#
# SS_cons <<<<<<<<________>>>>->>>>,,,,,)))),,,,]]]]-]]]---]]]]]]]],,,
#
# SS_cons ,}}}}}}},,,}}-}}}}}}}}}},,,<<<-<<<<------<<<-----<<---<<<___
#
# SS_cons _>>>---->>---->>>------>>>>>>>,,,,,,<---<<<<<<<<________>>>>
#
# SS_cons >>>>--->,,,,,}}}}},,,,,<<<<<<<<_________>>>>>>>>,,,,,,}}----
#
# SS_cons }}}}}}}}}}-}}::<-<<-<<---<<<<<<<<--<<<<<<-<<<-<<<----<<<<<-<
#
# SS_cons ---<<<<---<<__________>>->>>>->>>>>>--->>>->>>>>>>>>-->>>>>>
#
# SS_cons >>------>>-->>-->:<<<-<<<<<<<____>>>>>>>--->>->:::::::::::::
#

# The given structure

# Power analysis of given structure 
#
# covary  left_pos      right_pos    substitutions      power
#----------------------------------------------------------------
          9		27		1		0.00
          10		26		18		0.18
          11		25		5		0.01
          12		24		3		0.00
          13		23		7		0.04
          29		810		3		0.00
     *    30		809		111		0.81
     *    31		808		74		0.65
     *    32		807		115		0.82
          34		806		2		0.00
          35		805		1		0.00
          36		804		6		0.03
          37		803		1		0.00
          38		802		24		0.25
          39		801		1		0.00
          42		639		3		0.00
          44		638		16		0.16
          45		637		11		0.09
          46		636		21		0.21
     *    49		635		37		0.38
     *    50		634		71		0.63
     *    51		632		107		0.79
          52		631		2		0.00
     *    54		596		69		0.62
     *    59		594		128		0.86
          60		593		73		0.64
          61		592		6		0.03
          63		591		0		0.00
          64		590		0		0.00
          65		589		0		0.00
          68		254		2		0.00
          69		253		2		0.00
          70		252		6		0.03
     *    73		251		114		0.82
     *    74		249		45		0.45
          75		248		10		0.08
          77		245		100		0.77
          78		244		99		0.76
          92		116		109		0.80
     *    93		115		128		0.86
     *    94		113		123		0.84
     *    95		111		150		0.90
     *    96		110		161		0.92
     *    97		109		201		0.97
     *    98		108		152		0.91
          262		549		6		0.03
          263		548		16		0.16
          264		547		18		0.18
     *    271		473		99		0.76
     *    272		472		20		0.20
     *    273		471		54		0.52
          274		470		39		0.40
     *    275		469		132		0.87
     *    276		468		130		0.86
     *    277		467		82		0.69
          278		466		88		0.72
     *    283		465		127		0.85
     *    284		464		50		0.49
          288		461		2		0.00
     *    289		460		136		0.88
     *    290		459		153		0.91
     *    291		458		178		0.95
     *    292		457		159		0.92
     *    293		456		82		0.69
     *    294		455		60		0.56
     *    296		332		154		0.91
     *    297		331		118		0.83
     *    300		330		33		0.34
          301		329		9		0.07
     *    306		323		94		0.74
          307		322		40		0.41
     *    308		321		151		0.91
     *    309		320		163		0.93
     *    310		319		162		0.92
     *    311		318		147		0.90
     *    312		317		146		0.90
     *    338		375		111		0.81
     *    339		374		75		0.65
     *    340		372		102		0.78
     *    341		370		117		0.83
     *    344		368		109		0.80
     *    345		367		119		0.83
     *    346		365		118		0.83
     *    349		362		187		0.96
     *    350		361		165		0.93
     *    351		360		102		0.78
          382		453		27		0.28
     *    383		452		158		0.92
     *    384		451		76		0.66
     *    474		520		76		0.66
     *    475		519		99		0.76
     *    476		518		140		0.88
     *    479		517		108		0.80
          481		511		1		0.00
     *    482		510		77		0.66
          483		509		6		0.03
     *    486		508		20		0.20
          487		507		19		0.19
          488		506		1		0.00
          489		505		2		0.00
          490		504		21		0.21
          491		503		90		0.73
     *    492		502		109		0.80
          493		501		2		0.00
          523		546		22		0.23
     *    524		545		42		0.42
     *    525		544		150		0.90
          526		543		0		0.00
          528		539		72		0.64
     *    529		538		136		0.88
     *    530		537		56		0.53
          531		536		0		0.00
     *    551		572		101		0.77
     *    552		571		51		0.50
          553		570		2		0.00
          554		569		12		0.11
     *    555		568		124		0.85
          556		567		0		0.00
          574		585		4		0.00
     *    575		584		36		0.37
          576		583		14		0.13
          577		582		2		0.00
          602		629		22		0.23
     *    604		628		126		0.85
     *    605		627		94		0.74
     *    606		626		127		0.85
          610		624		1		0.00
          611		623		2		0.00
          612		622		10		0.08
     *    613		621		79		0.67
     *    614		620		65		0.59
          642		679		2		0.00
     *    643		678		163		0.93
     *    644		677		118		0.83
     *    645		676		126		0.85
          654		670		49		0.48
     *    655		669		98		0.76
     *    656		668		93		0.74
          657		667		38		0.39
     *    683		751		130		0.86
     *    684		747		159		0.92
     *    685		746		135		0.87
     *    686		745		171		0.94
     *    687		744		153		0.91
     *    688		743		21		0.21
     *    689		742		55		0.53
     *    694		737		57		0.54
     *    701		729		60		0.56
     *    702		728		67		0.61
     *    703		727		72		0.64
          754		799		0		0.00
     *    755		798		45		0.45
     *    756		797		127		0.85
     *    757		796		124		0.85
          758		795		21		0.21
     *    765		794		32		0.33
          766		793		21		0.21
     *    767		792		142		0.89
     *    768		791		57		0.54
          769		790		0		0.00
          775		782		0		0.00
          776		781		2		0.00
          821		1199		0		0.00
          822		1198		0		0.00
     *    823		1197		49		0.48
          829		1196		2		0.00
          831		1029		4		0.00
     *    833		1028		135		0.87
     *    834		1027		112		0.81
     *    835		1026		54		0.52
          837		1022		52		0.50
          839		1021		1		0.00
          840		1020		7		0.04
     *    841		1019		52		0.50
          843		912		4		0.00
     *    844		911		165		0.93
     *    845		910		120		0.83
     *    846		908		158		0.92
     *    847		907		173		0.94
     *    848		906		170		0.94
          849		905		69		0.62
          852		904		35		0.36
          853		903		4		0.00
     *    854		900		34		0.35
     *    855		899		108		0.80
     *    856		898		174		0.94
     *    857		897		115		0.82
     *    859		896		154		0.91
     *    860		895		166		0.93
     *    861		894		23		0.24
          862		893		24		0.25
          863		892		92		0.74
          868		889		116		0.82
     *    869		888		117		0.83
     *    870		886		94		0.74
     *    871		885		191		0.96
     *    873		883		164		0.93
     *    874		882		113		0.81
          875		881		3		0.00
          917		1015		8		0.05
     *    918		1014		38		0.39
     *    919		1013		81		0.68
          920		1011		170		0.94
     *    921		1010		149		0.90
     *    922		1009		175		0.94
     *    923		1008		92		0.74
     *    924		1007		166		0.93
     *    925		1006		39		0.40
          928		1004		12		0.11
          929		1003		4		0.00
     *    930		1002		188		0.96
     *    931		1001		135		0.87
     *    932		1000		125		0.85
     *    933		999		91		0.73
     *    934		998		89		0.72
          935		979		34		0.35
          936		978		1		0.00
          939		975		72		0.64
     *    940		974		45		0.45
     *    941		973		85		0.70
     *    942		972		67		0.61
     *    943		971		170		0.94
     *    944		970		106		0.79
          945		969		9		0.07
          946		968		6		0.03
          950		961		22		0.23
     *    951		960		89		0.72
          952		959		18		0.18
     *    984		997		88		0.72
          989		996		0		0.00
          990		995		12		0.11
          1035		1079		0		0.00
          1036		1078		17		0.17
     *    1037		1077		118		0.83
     *    1039		1075		112		0.81
          1040		1074		5		0.01
          1041		1073		0		0.00
          1045		1072		11		0.09
          1046		1071		4		0.00
     *    1050		1067		33		0.34
     *    1051		1066		108		0.80
          1052		1065		0		0.00
          1053		1064		4		0.00
          1092		1195		7		0.04
     *    1093		1194		152		0.91
     *    1094		1193		171		0.94
     *    1095		1192		156		0.91
     *    1098		1191		110		0.80
     *    1099		1190		24		0.25
          1103		1165		40		0.41
     *    1104		1164		102		0.78
          1106		1163		34		0.35
          1107		1162		47		0.46
     *    1108		1161		46		0.46
     *    1109		1160		163		0.93
     *    1111		1159		84		0.70
     *    1112		1158		44		0.44
     *    1113		1157		143		0.89
     *    1114		1156		138		0.88
     *    1115		1155		109		0.80
          1116		1154		96		0.75
          1177		1184		12		0.11
          1178		1183		48		0.47
          1203		1232		7		0.04
          1204		1231		17		0.17
          1205		1230		0		0.00
          1214		1225		8		0.05
     *    1215		1224		143		0.89
     *    1216		1223		117		0.83
          1217		1222		21		0.21
          1242		1813		2		0.00
          1243		1812		0		0.00
          1244		1810		13		0.12
          1245		1809		0		0.00
          1246		1808		0		0.00
          1248		1807		0		0.00
          1249		1806		9		0.07
     *    1250		1805		110		0.80
          1251		1804		20		0.20
     *    1252		1803		30		0.31
          1253		1802		4		0.00
          1254		1801		22		0.23
          1257		1796		0		0.00
          1258		1795		0		0.00
          1262		1758		6		0.03
     *    1263		1757		20		0.20
     *    1264		1756		56		0.53
          1265		1755		0		0.00
     *    1266		1754		56		0.53
          1267		1644		0		0.00
          1268		1643		0		0.00
          1269		1642		0		0.00
     *    1270		1641		53		0.51
     *    1271		1640		47		0.46
     *    1272		1639		28		0.29
          1273		1638		29		0.30
          1274		1637		2		0.00
          1275		1636		4		0.00
          1276		1635		23		0.24
          1277		1633		4		0.00
     *    1278		1632		78		0.67
          1283		1298		19		0.19
          1284		1297		16		0.16
          1285		1296		8		0.05
          1286		1295		0		0.00
          1308		1628		0		0.00
          1309		1627		0		0.00
     *    1310		1626		147		0.90
     *    1311		1625		107		0.79
     *    1312		1624		49		0.48
     *    1313		1623		131		0.86
          1314		1622		64		0.59
     *    1320		1423		54		0.52
          1321		1422		39		0.40
     *    1322		1421		145		0.89
     *    1324		1419		162		0.92
     *    1325		1418		194		0.96
     *    1326		1417		169		0.93
     *    1327		1416		161		0.92
     *    1328		1415		111		0.81
     *    1343		1361		180		0.95
     *    1344		1360		173		0.94
     *    1345		1359		146		0.90
     *    1346		1358		146		0.90
     *    1347		1357		183		0.95
     *    1348		1356		157		0.92
     *    1349		1355		166		0.93
     *    1365		1410		112		0.81
     *    1366		1409		120		0.83
     *    1367		1408		75		0.65
     *    1368		1407		85		0.70
          1425		1617		33		0.34
          1427		1616		4		0.00
          1429		1615		5		0.01
     *    1430		1614		104		0.78
          1431		1613		3		0.00
          1432		1612		17		0.17
          1435		1611		12		0.11
          1436		1610		21		0.21
          1437		1606		1		0.00
     *    1438		1605		87		0.71
          1439		1604		28		0.29
          1440		1602		0		0.00
          1441		1601		0		0.00
          1442		1600		0		0.00
          1443		1599		8		0.05
          1447		1487		0		0.00
          1448		1486		2		0.00
          1449		1485		0		0.00
          1450		1484		0		0.00
          1451		1483		0		0.00
          1452		1482		0		0.00
          1453		1462		7		0.04
     *    1454		1461		90		0.73
          1455		1460		5		0.01
          1465		1478		57		0.54
     *    1466		1477		47		0.46
          1467		1476		14		0.13
          1468		1475		28		0.29
          1493		1594		0		0.00
          1494		1593		2		0.00
          1495		1592		82		0.69
          1496		1591		35		0.36
     *    1498		1558		100		0.77
     *    1499		1557		92		0.74
     *    1500		1556		172		0.94
     *    1501		1555		105		0.79
     *    1502		1554		99		0.76
     *    1503		1553		57		0.54
          1504		1552		21		0.21
          1508		1546		0		0.00
          1509		1545		44		0.44
          1513		1542		17		0.17
     *    1514		1541		96		0.75
     *    1515		1540		49		0.48
          1561		1585		0		0.00
          1562		1584		21		0.21
          1563		1583		2		0.00
          1564		1582		4		0.00
          1565		1580		21		0.21
     *    1566		1579		146		0.90
     *    1567		1578		135		0.87
     *    1568		1577		168		0.93
          1648		1710		1		0.00
          1649		1709		74		0.65
     *    1650		1708		126		0.85
     *    1652		1707		169		0.93
     *    1653		1706		137		0.88
     *    1654		1705		115		0.82
     *    1655		1704		125		0.85
          1662		1697		61		0.57
     *    1663		1696		122		0.84
          1664		1695		0		0.00
          1670		1690		7		0.04
          1671		1689		2		0.00
     *    1675		1684		142		0.89
     *    1676		1683		97		0.76
     *    1677		1682		103		0.78
          1717		1748		8		0.05
          1721		1744		7		0.04
     *    1722		1743		76		0.66
          1723		1742		7		0.04
     *    1724		1741		153		0.91
     *    1725		1740		34		0.35
     *    1726		1739		26		0.27
     *    1727		1738		98		0.76
          1728		1737		0		0.00
          1764		1788		0		0.00
          1765		1787		19		0.19
     *    1766		1786		44		0.44
          1767		1785		8		0.05
     *    1768		1784		62		0.57
     *    1769		1783		102		0.78
     *    1770		1782		110		0.80
     *    1771		1781		66		0.60
          1816		1937		0		0.00
          1818		1934		0		0.00
          1819		1933		0		0.00
          1821		1930		0		0.00
          1822		1929		0		0.00
     *    1826		1922		86		0.71
     *    1827		1921		117		0.83
          1828		1920		71		0.63
     *    1829		1919		26		0.27
          1830		1918		2		0.00
          1831		1917		79		0.67
     *    1832		1916		63		0.58
     *    1833		1915		151		0.91
          1836		1912		34		0.35
     *    1837		1911		92		0.74
     *    1838		1910		132		0.87
          1839		1909		94		0.74
          1840		1908		97		0.76
     *    1841		1907		157		0.92
          1843		1906		116		0.82
     *    1844		1905		156		0.91
     *    1845		1904		114		0.82
     *    1847		1902		74		0.65
          1848		1901		22		0.23
          1849		1900		25		0.26
          1854		1896		33		0.34
     *    1855		1895		151		0.91
     *    1856		1894		63		0.58
     *    1857		1893		140		0.88
     *    1858		1892		149		0.90
     *    1860		1891		116		0.82
          1864		1889		40		0.41
     *    1865		1888		85		0.70
          1866		1887		32		0.33
          1867		1886		57		0.54
     *    1871		1884		34		0.35
          1872		1883		48		0.47
          1939		1967		4		0.00
          1940		1965		3		0.00
     *    1941		1964		56		0.53
          1943		1960		6		0.03
          1944		1959		34		0.35
     *    1945		1958		33		0.34
          1946		1957		3		0.00
          1947		1956		5		0.01
     *    1948		1955		117		0.83
     *    1949		1954		116		0.82
#
# BPAIRS 462
# avg substitutions per BP  64.7
# BPAIRS expected to covary 212.7
# BPAIRS observed to covary 240
#
