# R-scape :: RNA Structural Covariation Above Phylogenetic Expectation
# R-scape 1.5.4 elenarivas@fas.harvard.edu (May 2020)
# Copyright (C) 2016-2019 Howard Hughes Medical Institute.
# Freely distributed under the GNU General Public License (GPLv3).
gnuplot not found. Some plots will not display
#-------------------------------------------------------------------------------------------------------
# MSA RF01959_SSU_rRNA_archaea nseq 86 (86) alen 1489 (1958) avgid 75.38 (75.19) nbpairs 457 (457)
# Two-set statistical test (one test for annotated basepairs, another for all other pairs)
#
#
# Method Target_E-val [cov_min,cov_max] [FP | TP True Found | Sen PPV F] 
# GTp    0.05         [-9.74,200.75]     [0 | 199 457 199 | 43.54 100.00 60.67] 
#
#       left_pos       right_pos        score          E-value       substitutions      power
#-------------------------------------------------------------------------------------------------------
*	     149	     278	200.75120	2.31532e-16	150		0.90
*	     649	     657	190.46985	2.68136e-15	156		0.91
*	     879	     894	188.47629	4.43065e-15	151		0.91
*	     708	     777	180.82127	2.73423e-14	136		0.88
*	     468	     490	180.02426	3.30043e-14	141		0.89
*	     863	     924	172.12115	2.16579e-13	157		0.92
*	     501	     517	171.54622	2.45508e-13	141		0.89
*	     208	     220	171.35580	2.6139e-13	132		0.87
*	    1488	    1506	169.31021	4.31571e-13	162		0.92
*	     376	     389	167.61000	6.28558e-13	127		0.85
*	     200	     226	167.48082	6.69204e-13	138		0.88
*	      74	      98	167.05394	7.12477e-13	149		0.90
*	    1616	    1673	165.61250	1.0376e-12	126		0.85
*	     137	     287	165.56900	1.0376e-12	115		0.82
*	    1638	    1648	164.47817	1.33307e-12	104		0.78
*	    1533	    1542	164.33212	1.41925e-12	130		0.86
*	     154	     193	163.73722	1.60866e-12	118		0.83
*	     624	     683	163.13608	1.82334e-12	152		0.91
*	    1738	    1746	162.92615	1.94119e-12	123		0.84
*	    1490	    1502	162.31245	2.20022e-12	159		0.92
*	     201	     225	159.33011	4.66431e-12	109		0.80
*	    1821	    1855	158.91636	4.96565e-12	132		0.87
*	     646	     661	155.52420	1.12033e-11	138		0.88
*	     350	     357	155.38029	1.19267e-11	87		0.71
*	     375	     390	152.46743	2.37355e-11	104		0.78
*	      25	     585	151.69099	2.86345e-11	109		0.80
*	      64	     108	150.79915	3.45441e-11	104		0.78
*	     469	     489	150.45122	3.91463e-11	133		0.87
*	    1465	    1555	150.10722	4.16724e-11	117		0.83
*	     864	     923	149.33224	5.02706e-11	118		0.83
*	     349	     358	148.32723	6.45537e-11	100		0.77
*	    1534	    1541	147.69663	7.31507e-11	104		0.78
*	    1222	    1270	146.51708	9.9987e-11	87		0.71
*	    1820	    1856	146.17279	1.06435e-10	156		0.91
*	     621	     688	146.12479	1.06435e-10	94		0.74
*	     499	     519	145.88094	1.13299e-10	136		0.88
*	     711	     775	145.08799	1.3666e-10	100		0.77
*	     645	     662	145.10868	1.3666e-10	97		0.76
*	     150	     277	145.02463	1.3666e-10	152		0.91
*	     636	     670	144.75444	1.45472e-10	128		0.86
*	     502	     516	144.07355	1.75461e-10	99		0.76
*	    1792	    1889	143.41106	1.98813e-10	108		0.80
*	    1489	    1503	142.17987	2.71695e-10	150		0.90
*	    1472	    1522	141.44282	3.2768e-10	109		0.80
*	     712	     774	140.89592	3.71269e-10	107		0.79
*	    1819	    1857	140.24151	4.47754e-10	112		0.81
*	     203	     223	139.84634	4.766e-10	147		0.90
*	      63	     109	139.84092	4.766e-10	118		0.83
*	     648	     658	138.32896	6.9313e-10	122		0.84
*	     308	     328	138.37587	6.9313e-10	106		0.79
*	     202	     224	137.84736	7.8528e-10	144		0.89
*	     881	     892	137.32154	8.89671e-10	108		0.80
*	    1475	    1520	136.74168	1.00793e-09	114		0.82
*	    1487	    1507	136.55179	1.07282e-09	128		0.86
*	    1491	    1501	135.92116	1.2154e-09	142		0.89
*	     647	     660	135.77499	1.29364e-09	137		0.88
*	     721	     749	134.60209	1.66026e-09	95		0.75
*	    1632	    1655	131.33454	3.50854e-09	119		0.83
*	     155	     192	131.28618	3.73419e-09	120		0.83
*	     909	     914	130.23386	4.79139e-09	87		0.71
*	     500	     518	130.02827	4.79139e-09	129		0.86
*	     812	     847	129.77050	5.09945e-09	121		0.84
*	     710	     776	127.40723	8.93333e-09	101		0.77
*	     428	     447	126.98621	1.01182e-08	108		0.80
*	     880	     893	125.52127	1.47007e-08	118		0.83
*	     544	     570	125.45857	1.47007e-08	88		0.72
*	    1215	    1588	125.18115	1.56448e-08	117		0.83
*	     623	     684	125.15379	1.56448e-08	142		0.89
*	      75	      97	125.11466	1.56448e-08	108		0.80
*	      38	     455	124.79130	1.66495e-08	74		0.65
*	     874	     899	124.33410	1.88564e-08	115		0.82
*	     199	     227	124.02616	2.00671e-08	145		0.89
*	    1822	    1854	122.77473	2.73897e-08	133		0.87
*	    1474	    1521	122.57939	2.91475e-08	104		0.78
*	      37	     456	122.67491	2.91475e-08	90		0.73
*	     156	     191	122.46369	2.91475e-08	87		0.71
*	     436	     441	122.29335	3.10181e-08	111		0.81
*	    1532	    1543	120.74097	4.50457e-08	98		0.76
*	     707	     778	120.76617	4.50457e-08	93		0.74
*	    1477	    1518	118.87415	6.96e-08	107		0.79
*	     427	     448	118.66300	7.40619e-08	106		0.79
*	     348	     359	118.57228	7.40619e-08	90		0.73
*	     503	     515	117.79705	8.92357e-08	108		0.80
*	    1736	    1748	117.12917	1.07514e-07	67		0.61
*	    1213	    1590	117.16570	1.07514e-07	115		0.82
*	     634	     672	117.03625	1.07514e-07	133		0.87
*	     467	     491	117.00857	1.07514e-07	110		0.80
*	     435	     442	117.03497	1.07514e-07	91		0.73
*	    1216	    1587	116.69402	1.14402e-07	135		0.87
*	    1615	    1674	116.06220	1.37826e-07	117		0.83
*	     470	     488	115.16727	1.66039e-07	116		0.82
*	      40	     453	114.96856	1.76671e-07	123		0.84
*	     875	     898	113.24093	2.56357e-07	73		0.64
*	     878	     895	112.73634	2.90215e-07	145		0.89
*	     697	     787	112.48455	3.08783e-07	80		0.68
*	    1683	    1715	112.40168	3.28537e-07	88		0.72
*	     877	     896	112.42286	3.28537e-07	136		0.88
*	     811	     848	112.43171	3.28537e-07	88		0.72
*	     198	     228	111.98017	3.49552e-07	148		0.90
*	    1438	    1447	111.14491	4.21e-07	74		0.65
*	     533	     573	111.38643	4.21e-07	119		0.83
*	      34	     460	111.32467	4.21e-07	75		0.65
*	    1175	    1604	110.92963	4.4792e-07	77		0.66
*	     696	     789	110.86679	4.76558e-07	88		0.72
*	     471	     487	110.50540	5.07024e-07	98		0.76
*	    1803	    1874	109.67186	6.10592e-07	110		0.80
*	     530	     576	109.63045	6.10592e-07	120		0.83
*	    1217	    1586	108.83454	7.35273e-07	106		0.79
*	     236	     272	108.89764	7.35273e-07	125		0.85
*	     876	     897	108.36248	8.32211e-07	110		0.80
*	     299	     338	107.05210	1.13408e-06	86		0.71
*	    1165	    1724	106.09853	1.45251e-06	80		0.68
*	    1471	    1523	103.33608	2.69518e-06	53		0.51
*	     706	     779	103.01584	2.86692e-06	80		0.68
*	    1691	    1708	102.94729	3.04959e-06	81		0.68
*	    1791	    1890	102.24881	3.45049e-06	93		0.74
*	     372	     393	102.04309	3.67025e-06	74		0.65
*	      41	     452	101.95463	3.90397e-06	86		0.71
*	     141	     285	101.90944	3.90397e-06	93		0.74
*	     532	     574	101.45111	4.15255e-06	88		0.72
*	     466	     492	99.14414	7.2346e-06	60		0.56
*	     296	     339	99.12346	7.2346e-06	84		0.70
*	     151	     276	99.11030	7.2346e-06	60		0.56
*	     719	     751	98.19155	9.25695e-06	100		0.77
*	     377	     388	97.80366	9.84512e-06	101		0.77
*	    1689	    1710	97.46126	1.11356e-05	87		0.71
*	     344	     367	97.22643	1.18428e-05	67		0.61
*	    1737	    1747	96.54677	1.33944e-05	100		0.77
*	     942	     988	96.53506	1.33944e-05	70		0.62
*	    1617	    1672	95.65746	1.71319e-05	80		0.68
*	    1224	    1268	95.37358	1.82186e-05	84		0.70
*	    1168	    1721	94.89204	1.9374e-05	88		0.72
*	      22	     588	94.09826	2.32971e-05	68		0.61
*	     311	     325	93.86277	2.47735e-05	84		0.70
*	     705	     780	93.46263	2.80119e-05	103		0.78
*	    1237	    1254	92.11553	3.80751e-05	108		0.80
*	     165	     180	91.76349	4.04841e-05	109		0.80
*	     295	     340	91.22673	4.57674e-05	40		0.41
*	     204	     222	91.34270	4.57674e-05	133		0.87
*	    1618	    1671	91.13221	4.86612e-05	79		0.67
*	    1241	    1249	91.08365	4.86612e-05	88		0.72
*	    1164	    1725	89.97239	6.21777e-05	81		0.68
*	    1807	    1870	87.95422	0.000101449	89		0.72
*	    1812	    1865	88.01246	0.000101449	92		0.74
*	      24	     586	87.58540	0.000107844	66		0.60
*	    1228	    1265	87.25054	0.000121862	113		0.81
*	     498	     520	86.60314	0.000137695	86		0.71
*	     862	     925	86.23731	0.000146363	58		0.55
*	     865	     922	85.91598	0.000165362	66		0.60
*	    1806	    1871	84.22499	0.00023838	103		0.78
*	    1492	    1500	84.33377	0.00023838	55		0.53
*	    1485	    1510	84.04956	0.000253347	67		0.61
*	      27	     583	84.00455	0.000253347	66		0.60
*	    1915	    1944	83.30556	0.000304089	42		0.42
*	    1804	    1873	83.09972	0.000304089	104		0.78
*	     314	     322	83.33551	0.000304089	48		0.47
*	     633	     673	82.86565	0.000323156	99		0.76
*	     625	     681	81.58552	0.000437862	105		0.79
*	      73	      99	81.12597	0.00049436	36		0.37
*	     632	     674	80.75907	0.000525268	54		0.52
*	     762	     773	80.70027	0.000558097	73		0.64
*	     610	     803	79.56432	0.000711085	56		0.53
*	    1235	    1256	79.12695	0.000802534	78		0.67
*	      23	     587	78.54605	0.000905653	87		0.71
*	    1793	    1888	77.48046	0.00115297	96		0.75
*	     307	     329	76.59993	0.00138144	65		0.59
*	    1223	    1269	76.34526	0.00146716	69		0.62
*	      35	     458	76.16567	0.00155815	30		0.31
*	     157	     190	73.92494	0.00251857	56		0.53
*	     824	     838	72.93043	0.00319929	36		0.37
*	     123	     368	72.97065	0.00319929	52		0.50
*	     729	     738	72.39371	0.00360496	30		0.31
*	     638	     668	72.54526	0.00360496	101		0.77
*	    1823	    1853	72.31072	0.00382646	62		0.57
*	    1170	    1608	72.21883	0.00382646	58		0.55
*	    1808	    1869	72.06799	0.0040614	104		0.78
*	     718	     752	71.05030	0.00485505	96		0.75
*	     637	     669	70.98603	0.0051522	63		0.58
*	    1173	    1606	70.65557	0.00546728	36		0.37
*	    1470	    1524	70.11405	0.0061555	80		0.68
*	    1818	    1858	69.80151	0.00653095	91		0.73
*	     310	     326	68.54505	0.00877367	47		0.46
*	    1619	    1670	67.44519	0.0110988	22		0.23
*	    1694	    1705	67.01160	0.0124781	26		0.27
*	    1424	    1433	66.95924	0.0124781	72		0.64
*	      54	     411	66.73503	0.0132294	48		0.47
*	    1426	    1431	66.37730	0.0140249	68		0.61
*	    1811	    1866	66.15301	0.0148671	57		0.54
*	    1174	    1605	66.11442	0.0148671	33		0.34
*	     142	     284	65.97204	0.0157586	14		0.13
*	     424	     450	65.74602	0.0167022	28		0.29
*	     601	     928	64.68538	0.0210582	38		0.39
*	    1914	    1945	63.46119	0.0265096	48		0.47
*	     823	     839	63.46663	0.0265096	45		0.45
*	    1236	    1255	62.16051	0.0352601	42		0.42
*	     866	     921	61.94414	0.0373159	41		0.41
*	     882	     891	61.59993	0.039486	32		0.33
*	     693	     791	61.15873	0.0441924	32		0.33
*	     698	     786	61.12319	0.0441924	16		0.16

# The given structure
# SS_cons :::<<<<<_______>>>>>:{{{{{{{{{{,{{{{{{{{{{-----{{{-{{{,,<<<-
#
# SS_cons --<<<-------<<<<___________________>>>>------->>>-->>>,,,,,,
#
# SS_cons [[[,,,,,,,((((((((--((---(((((((,<<<<----<<<<--<-<-<____>>>>
#
# SS_cons >>>------>>>>,,,,<<<<<<<<--<<_________>>>>>>>>>>,,,,,,<<____
#
# SS_cons _______________________________>>,)))))))--))))))))))<<<--<-
#
# SS_cons -<<<--<<<<<<<<_______>>>>>>>>>>>----->>>>,,<<<<<<<<____>>>>-
#
# SS_cons --->>>>]]],<<<<<<__________>>>>>>,<<<<_____>>>>,,,}}}}}}-},,
#
# SS_cons ,,,<-<<<---<<<<<____>>>>>->>>>,}}}}}}}-}},,,<<<<<<<<________
#
# SS_cons _____>>>>>>>>,,,<<<<<<<<_________>>>>>>>---->,,,<<<<<<------
#
# SS_cons --<<<<-----<<_____>>------->>>>>>>>>>,}}}}}}}}}}::::::::::{{
#
# SS_cons {-----{,[[[[-[-[[[,<<<<<<<-<-<<<<<<<<<<----<<<<<<<_____>>>->
#
# SS_cons >>>--->>>>>>>>>-->>>>->>-->>>,,,((-(((((((--((((-(((<<--<<<<
#
# SS_cons <<<<---<<<______>>>------>>>>>>>>-->>,,,,<--<<____>>>)))))))
#
# SS_cons -))))))-))),,,]]]]--]]]],,,,<<<<<<---<<---<<<<_________>>>>-
#
# SS_cons -->>>>>>>>,,,,,,,,,,((((((,,<<<<<<<<<<<<<<________>>>>>>>>>>
#
# SS_cons >>>>,,,<<____>>,,,,,))))))}}}}:<<<------<<<<________________
#
# SS_cons _________________________>>>>-------------------------------
#
# SS_cons ------------------------------------------------------------
#
# SS_cons ----------------------------------------------------->>>::::
#
# SS_cons ::::{{{{{-{{{{{{{--{{,,{{{{{{{{-{{{{{{{{{,,,,<<<<________>>>
#
# SS_cons >,,,,,,,,,{{{{{{{,,,<<<<--<<------<<<<<<<_______>>>->>>>----
#
# SS_cons ---->>->>>>,,,[[-[[[[--[[[[[[[[[,,,,,,,,,,,,,,,,,,,,,,,,,,,,
#
# SS_cons ,,,,,,,,,,,,,,,,,,,,,,,,,,,,,,,,,,,,,,,,,,,,,,,,,,,,,,,,,,,,
#
# SS_cons ,,,,,,,,,,,,,,,,,,,,,,,,,,,,,,,,,,,,,((((((<<<____>>>,,<<<<_
#
# SS_cons _____>>>>,,)))))),,,,,((((,,,<<<-<<<<---<<--<-<<<<<<_______>
#
# SS_cons >>>-->>-->->>---->>>>>>>,,<<<<<<<<______>>>>>>>>,,,,,)))),,,
#
# SS_cons ,]]]]-]]]----]]]]]]]],,,,}}}}}}},,,,}}-}}}}}}}}}},,,<<<<<<<-
#
# SS_cons ----<<<----<<---<<<<_____>>>-->-->>---->>>------->>>>>>>,,,,
#
# SS_cons ,,<----<<<<<<<<________>>>>>>>>--->,,,,,}}}}},,,,,<<<<<<<<__
#
# SS_cons _____>>>>>>>>,,,,,,}}---}}}}}}}}}}-}}::<-<<-<<-<--<<<<<<<<--
#
# SS_cons <<<<<<<<<<<<<<<<<<<<<<<<<_________________________>>>>>>>>>>
#
# SS_cons ->>>>>>>>>>>>>>>------>>>>>>>>-->->>-->>-------->:::<<<<<<<<
#
# SS_cons <<______________>>>>>>>>>->:::::::::::
#

# The given structure

# Power analysis of given structure 
#
# covary  left_pos      right_pos    substitutions      power
#----------------------------------------------------------------
          4		20		4		0.00
          5		19		51		0.50
          6		18		6		0.03
          7		17		9		0.07
          8		16		0		0.00
     *    22		588		68		0.61
     *    23		587		87		0.71
     *    24		586		66		0.60
     *    25		585		109		0.80
          26		584		4		0.00
     *    27		583		66		0.60
          28		582		38		0.39
          29		581		5		0.01
          30		580		2		0.00
          31		579		1		0.00
          33		461		2		0.00
     *    34		460		75		0.65
     *    35		458		30		0.31
          36		457		17		0.17
     *    37		456		90		0.73
     *    38		455		74		0.65
          39		454		2		0.00
     *    40		453		123		0.84
     *    41		452		86		0.71
          42		418		4		0.00
          48		416		5		0.01
          49		415		4		0.00
          50		414		0		0.00
          52		413		0		0.00
          53		412		0		0.00
     *    54		411		48		0.47
          57		114		1		0.00
          58		113		3		0.00
          59		112		72		0.64
     *    63		109		118		0.83
     *    64		108		104		0.78
          65		107		28		0.29
     *    73		99		36		0.37
     *    74		98		149		0.90
     *    75		97		108		0.80
          76		96		94		0.74
          121		370		0		0.00
          122		369		0		0.00
     *    123		368		52		0.50
          131		293		9		0.07
          132		292		0		0.00
          133		291		4		0.00
          134		290		18		0.18
          135		289		35		0.36
          136		288		3		0.00
     *    137		287		115		0.82
          138		286		59		0.55
     *    141		285		93		0.74
     *    142		284		14		0.13
          146		281		0		0.00
          147		280		2		0.00
          148		279		6		0.03
     *    149		278		150		0.90
     *    150		277		152		0.91
     *    151		276		60		0.56
          152		275		14		0.13
     *    154		193		118		0.83
     *    155		192		120		0.83
     *    156		191		87		0.71
     *    157		190		56		0.53
          162		183		67		0.61
          163		182		28		0.29
          164		181		16		0.16
     *    165		180		109		0.80
          168		179		8		0.05
          170		178		0		0.00
          172		177		8		0.05
     *    198		228		148		0.90
     *    199		227		145		0.89
     *    200		226		138		0.88
     *    201		225		109		0.80
     *    202		224		144		0.89
     *    203		223		147		0.90
     *    204		222		133		0.87
          205		221		124		0.85
     *    208		220		132		0.87
          209		219		26		0.27
          235		273		18		0.18
     *    236		272		125		0.85
          294		341		4		0.00
     *    295		340		40		0.41
     *    296		339		84		0.70
     *    299		338		86		0.71
          302		332		0		0.00
          303		331		4		0.00
          304		330		23		0.24
     *    307		329		65		0.59
     *    308		328		106		0.79
          309		327		3		0.00
     *    310		326		47		0.46
     *    311		325		84		0.70
          312		324		6		0.03
          313		323		44		0.44
     *    314		322		48		0.47
     *    344		367		67		0.61
          345		366		32		0.33
          346		365		14		0.13
          347		364		0		0.00
     *    348		359		90		0.73
     *    349		358		100		0.77
     *    350		357		87		0.71
          351		356		0		0.00
     *    372		393		74		0.65
          373		392		2		0.00
          374		391		2		0.00
     *    375		390		104		0.78
     *    376		389		127		0.85
     *    377		388		101		0.77
          395		407		42		0.42
          396		406		5		0.01
          397		405		2		0.00
          398		404		1		0.00
     *    424		450		28		0.29
          426		449		116		0.82
     *    427		448		106		0.79
     *    428		447		108		0.80
          432		445		0		0.00
          433		444		50		0.49
          434		443		25		0.26
     *    435		442		91		0.73
     *    436		441		111		0.81
          465		493		7		0.04
     *    466		492		60		0.56
     *    467		491		110		0.80
     *    468		490		141		0.89
     *    469		489		133		0.87
     *    470		488		116		0.82
     *    471		487		98		0.76
          472		486		45		0.45
          497		525		70		0.62
     *    498		520		86		0.71
     *    499		519		136		0.88
     *    500		518		129		0.86
     *    501		517		141		0.89
     *    502		516		99		0.76
     *    503		515		108		0.80
          504		514		67		0.61
          529		577		3		0.00
     *    530		576		120		0.83
          531		575		22		0.23
     *    532		574		88		0.72
     *    533		573		119		0.83
          534		572		2		0.00
          543		571		10		0.08
     *    544		570		88		0.72
          545		569		2		0.00
          546		568		16		0.16
          552		560		0		0.00
          553		559		0		0.00
          599		930		30		0.31
          600		929		1		0.00
     *    601		928		38		0.39
          607		927		14		0.13
          609		804		24		0.25
     *    610		803		56		0.53
          611		802		52		0.50
          612		801		9		0.07
          614		798		10		0.08
          616		797		2		0.00
          617		796		0		0.00
          618		795		65		0.59
          620		689		0		0.00
     *    621		688		94		0.74
          622		687		49		0.48
     *    623		684		142		0.89
     *    624		683		152		0.91
     *    625		681		105		0.79
          626		680		98		0.76
          628		679		63		0.58
          630		678		17		0.17
          631		675		13		0.12
     *    632		674		54		0.52
     *    633		673		99		0.76
     *    634		672		133		0.87
          635		671		81		0.68
     *    636		670		128		0.86
     *    637		669		63		0.58
     *    638		668		101		0.77
          639		667		78		0.67
          644		663		37		0.38
     *    645		662		97		0.76
     *    646		661		138		0.88
     *    647		660		137		0.88
     *    648		658		122		0.84
     *    649		657		156		0.91
          650		656		4		0.00
     *    693		791		32		0.33
          694		790		27		0.28
     *    696		789		88		0.72
     *    697		787		80		0.68
     *    698		786		16		0.16
          699		785		4		0.00
          700		784		13		0.12
          701		783		81		0.68
          702		782		41		0.41
     *    705		780		103		0.78
     *    706		779		80		0.68
     *    707		778		93		0.74
     *    708		777		136		0.88
     *    710		776		101		0.77
     *    711		775		100		0.77
     *    712		774		107		0.79
          713		757		27		0.28
          714		756		15		0.14
          717		753		37		0.38
     *    718		752		96		0.75
     *    719		751		100		0.77
          720		750		40		0.41
     *    721		749		95		0.75
          722		748		90		0.73
          723		747		3		0.00
          724		746		13		0.12
          728		739		16		0.16
     *    729		738		30		0.31
          730		737		41		0.41
     *    762		773		73		0.64
          765		772		0		0.00
          766		771		12		0.11
          809		850		18		0.18
          810		849		0		0.00
     *    811		848		88		0.72
     *    812		847		121		0.84
          813		846		10		0.08
          814		845		4		0.00
          818		844		51		0.50
          819		843		3		0.00
     *    823		839		45		0.45
     *    824		838		36		0.37
          825		837		0		0.00
          826		836		0		0.00
          861		926		3		0.00
     *    862		925		58		0.55
     *    863		924		157		0.92
     *    864		923		118		0.83
     *    865		922		66		0.60
     *    866		921		41		0.41
          869		904		11		0.09
          870		903		39		0.40
          871		902		3		0.00
          872		901		19		0.19
          873		900		17		0.17
     *    874		899		115		0.82
     *    875		898		73		0.64
     *    876		897		110		0.80
     *    877		896		136		0.88
     *    878		895		145		0.89
     *    879		894		151		0.91
     *    880		893		118		0.83
     *    881		892		108		0.80
     *    882		891		32		0.33
          908		915		29		0.30
     *    909		914		87		0.71
          932		1136		1		0.00
          933		1135		1		0.00
          934		1134		0		0.00
          941		989		5		0.01
     *    942		988		70		0.62
          943		987		64		0.59
          944		986		9		0.07
          1145		1777		2		0.00
          1146		1776		0		0.00
          1147		1774		18		0.18
          1148		1773		0		0.00
          1149		1772		0		0.00
          1151		1771		0		0.00
          1152		1770		14		0.13
          1153		1769		2		0.00
          1154		1768		17		0.17
          1155		1767		0		0.00
          1156		1766		2		0.00
          1157		1765		2		0.00
          1160		1761		32		0.33
          1161		1760		2		0.00
     *    1164		1725		81		0.68
     *    1165		1724		80		0.68
          1166		1723		33		0.34
          1167		1722		2		0.00
     *    1168		1721		88		0.72
          1169		1609		1		0.00
     *    1170		1608		58		0.55
          1171		1607		4		0.00
     *    1173		1606		36		0.37
     *    1174		1605		33		0.34
     *    1175		1604		77		0.66
          1176		1603		1		0.00
          1177		1602		0		0.00
          1178		1601		0		0.00
          1179		1600		0		0.00
          1180		1598		0		0.00
          1181		1597		36		0.37
          1186		1201		8		0.05
          1187		1200		20		0.20
          1188		1199		14		0.13
          1189		1198		0		0.00
          1211		1592		0		0.00
          1212		1591		1		0.00
     *    1213		1590		115		0.82
          1214		1589		12		0.11
     *    1215		1588		117		0.83
     *    1216		1587		135		0.87
     *    1217		1586		106		0.79
          1221		1271		0		0.00
     *    1222		1270		87		0.71
     *    1223		1269		69		0.62
     *    1224		1268		84		0.70
          1227		1266		125		0.85
     *    1228		1265		113		0.81
     *    1235		1256		78		0.67
     *    1236		1255		42		0.42
     *    1237		1254		108		0.80
          1238		1253		7		0.04
          1239		1251		21		0.21
          1240		1250		55		0.53
     *    1241		1249		88		0.72
          1275		1581		1		0.00
          1276		1580		0		0.00
          1278		1579		17		0.17
          1279		1578		18		0.18
          1280		1577		2		0.00
          1281		1576		13		0.12
          1284		1575		0		0.00
          1285		1574		40		0.41
          1286		1569		0		0.00
          1287		1568		0		0.00
          1288		1567		0		0.00
          1289		1565		47		0.46
          1290		1564		45		0.45
          1291		1563		0		0.00
          1292		1562		3		0.00
          1418		1457		3		0.00
          1419		1456		52		0.50
          1420		1455		5		0.01
          1421		1454		4		0.00
          1422		1453		0		0.00
          1423		1452		0		0.00
     *    1424		1433		72		0.64
          1425		1432		31		0.32
     *    1426		1431		68		0.61
          1436		1449		34		0.35
          1437		1448		0		0.00
     *    1438		1447		74		0.65
          1439		1446		26		0.27
          1463		1557		0		0.00
          1464		1556		1		0.00
     *    1465		1555		117		0.83
          1466		1554		72		0.64
     *    1470		1524		80		0.68
     *    1471		1523		53		0.51
     *    1472		1522		109		0.80
     *    1474		1521		104		0.78
     *    1475		1520		114		0.82
          1476		1519		30		0.31
     *    1477		1518		107		0.79
          1481		1513		22		0.23
          1482		1512		82		0.69
     *    1485		1510		67		0.61
     *    1487		1507		128		0.86
     *    1488		1506		162		0.92
     *    1489		1503		150		0.90
     *    1490		1502		159		0.92
     *    1491		1501		142		0.89
     *    1492		1500		55		0.53
          1527		1548		1		0.00
          1528		1547		42		0.42
          1529		1546		0		0.00
          1530		1545		0		0.00
          1531		1544		29		0.30
     *    1532		1543		98		0.76
     *    1533		1542		130		0.86
     *    1534		1541		104		0.78
          1613		1676		1		0.00
          1614		1675		55		0.53
     *    1615		1674		117		0.83
     *    1616		1673		126		0.85
     *    1617		1672		80		0.68
     *    1618		1671		79		0.67
     *    1619		1670		22		0.23
          1625		1662		9		0.07
          1626		1661		70		0.62
          1627		1660		1		0.00
     *    1632		1655		119		0.83
          1633		1654		0		0.00
          1637		1651		31		0.32
     *    1638		1648		104		0.78
          1639		1647		44		0.44
          1640		1646		27		0.28
     *    1683		1715		88		0.72
          1688		1711		17		0.17
     *    1689		1710		87		0.71
          1690		1709		0		0.00
     *    1691		1708		81		0.68
          1692		1707		0		0.00
          1693		1706		3		0.00
     *    1694		1705		26		0.27
          1695		1704		30		0.31
          1731		1753		26		0.27
          1732		1752		38		0.39
          1733		1751		3		0.00
          1734		1750		1		0.00
          1735		1749		11		0.09
     *    1736		1748		67		0.61
     *    1737		1747		100		0.77
     *    1738		1746		123		0.84
          1780		1909		0		0.00
          1782		1900		0		0.00
          1783		1899		1		0.00
          1785		1896		18		0.18
          1786		1895		0		0.00
          1788		1893		2		0.00
     *    1791		1890		93		0.74
     *    1792		1889		108		0.80
     *    1793		1888		96		0.75
          1794		1887		0		0.00
          1795		1886		1		0.00
          1796		1885		57		0.54
          1797		1884		8		0.05
          1798		1883		22		0.23
          1801		1876		41		0.41
          1802		1875		83		0.69
     *    1803		1874		110		0.80
     *    1804		1873		104		0.78
          1805		1872		36		0.37
     *    1806		1871		103		0.78
     *    1807		1870		89		0.72
     *    1808		1869		104		0.78
          1809		1868		96		0.75
          1810		1867		79		0.67
     *    1811		1866		57		0.54
     *    1812		1865		92		0.74
          1813		1864		65		0.59
          1814		1863		1		0.00
          1815		1862		19		0.19
          1816		1860		4		0.00
          1817		1859		20		0.20
     *    1818		1858		91		0.73
     *    1819		1857		112		0.81
     *    1820		1856		156		0.91
     *    1821		1855		132		0.87
     *    1822		1854		133		0.87
     *    1823		1853		62		0.57
          1824		1852		38		0.39
          1825		1851		43		0.43
          1913		1947		10		0.08
     *    1914		1945		48		0.47
     *    1915		1944		42		0.42
          1916		1943		2		0.00
          1917		1942		18		0.18
          1918		1941		3		0.00
          1919		1940		7		0.04
          1920		1939		10		0.08
          1921		1938		30		0.31
          1922		1937		70		0.62
#
# BPAIRS 457
# avg substitutions per BP  52.5
# BPAIRS expected to covary 186.6
# BPAIRS observed to covary 199
#
