# R-scape :: RNA Structural Covariation Above Phylogenetic Expectation
# R-scape 1.5.4 elenarivas@fas.harvard.edu (May 2020)
# Copyright (C) 2016-2019 Howard Hughes Medical Institute.
# Freely distributed under the GNU General Public License (GPLv3).
gnuplot not found. Some plots will not display
#-------------------------------------------------------------------------------------------------------
# MSA RF00503_RNAIII nseq 10 (10) alen 530 (608) avgid 61.97 (61.22) nbpairs 134 (134)
# Two-set statistical test (one test for annotated basepairs, another for all other pairs)
#
#
# Method Target_E-val [cov_min,cov_max] [FP | TP True Found | Sen PPV F] 
# GTp    0.05         [-6.90,11.34]     [0 | 4 134 4 | 2.99 100.00 5.80] 
#
#       left_pos       right_pos        score          E-value       substitutions      power
#-------------------------------------------------------------------------------------------------------
*	       4	      18	11.34064	0.000569548	8		0.05
*	     345	     366	9.53108	0.0107245	9		0.07
*	     578	     606	9.29611	0.0155325	8		0.05
*	     151	     174	8.96672	0.0276133	12		0.11

# The given structure
# SS_cons ::<<<<<<____>>->>>>::::::{{{{{{{,,,,[[--[[[[[[[[,,,<<<<<<___
#
# SS_cons ________________________________>>>>>>,,,,,,,,<<<<<<<<---<<_
#
# SS_cons ____________>>->>>>>>>>,,,,,<<<<<<<<<_________>>->>>>>>>,,,,
#
# SS_cons <<<<<_____>>>>>,,,,,,,,,,<<<-<<<<<------<<<_________>>>--->>
#
# SS_cons >>>>>>,,,,,((((((((,,,,,,,,,,,,,,<<<<<<<<<_________>>>>>>>>>
#
# SS_cons ,,,,,,,,<<<-----------<<_______>>------>>>,,<<--<<<_________
#
# SS_cons _>>>>>)))))))),,,,,,,,,,<<<<<<<<_________________>>>>>>>>,,,
#
# SS_cons ,,,,<<<<______>>>>,,,]]]]]-]]]-]],,,<<<<<<<<__________>>>>>>
#
# SS_cons >>,,,,,,,,,<<<<<<<<--<<<-<<_______________>>->>>>>>>>>>>}}}-
#
# SS_cons }}}}:::::::::::::::::::::::::::::::::<<<<<<<<<<_________>>>>
#
# SS_cons >>>>>>::
#

# The given structure

# Power analysis of given structure 
#
# covary  left_pos      right_pos    substitutions      power
#----------------------------------------------------------------
          3		19		9		0.07
     *    4		18		8		0.05
          5		17		13		0.12
          6		16		5		0.01
          7		14		11		0.09
          8		13		6		0.03
          26		544		4		0.00
          27		543		4		0.00
          28		542		9		0.07
          29		541		6		0.03
          30		539		3		0.00
          31		538		2		0.00
          32		537		9		0.07
          37		453		11		0.09
          38		452		0		0.00
          41		450		11		0.09
          42		449		3		0.00
          43		448		0		0.00
          44		446		10		0.08
          45		445		1		0.00
          46		444		0		0.00
          47		443		2		0.00
          48		442		3		0.00
          52		98		15		0.14
          53		97		13		0.12
          54		96		6		0.03
          55		95		10		0.08
          56		94		7		0.04
          57		93		0		0.00
          107		143		7		0.04
          108		142		8		0.05
          109		141		9		0.07
          110		140		1		0.00
          111		139		10		0.08
          112		138		0		0.00
          113		137		6		0.03
          114		136		3		0.00
          118		134		2		0.00
          119		133		10		0.08
          149		176		8		0.05
          150		175		5		0.01
     *    151		174		12		0.11
          152		173		5		0.01
          153		172		8		0.05
          154		171		8		0.05
          155		170		1		0.00
          156		168		15		0.14
          157		167		6		0.03
          181		195		5		0.01
          182		194		4		0.00
          183		193		10		0.08
          184		192		3		0.00
          185		191		5		0.01
          206		246		1		0.00
          207		245		5		0.01
          208		244		8		0.05
          210		243		2		0.00
          211		242		3		0.00
          212		241		0		0.00
          213		240		4		0.00
          214		239		2		0.00
          221		235		4		0.00
          222		234		0		0.00
          223		233		6		0.03
          252		374		8		0.05
          253		373		2		0.00
          254		372		4		0.00
          255		371		7		0.04
          256		370		6		0.03
          257		369		3		0.00
          258		368		4		0.00
          259		367		1		0.00
          274		300		6		0.03
          275		299		0		0.00
          276		298		0		0.00
          277		297		1		0.00
          278		296		0		0.00
          279		295		0		0.00
          280		294		1		0.00
          281		293		0		0.00
          282		292		0		0.00
          309		342		5		0.01
          310		341		9		0.07
          311		340		3		0.00
          323		333		0		0.00
          324		332		0		0.00
     *    345		366		9		0.07
          346		365		3		0.00
          349		364		15		0.14
          350		363		7		0.04
          351		362		12		0.11
          385		417		6		0.03
          386		416		2		0.00
          387		415		3		0.00
          388		414		3		0.00
          389		413		9		0.07
          390		412		9		0.07
          391		411		2		0.00
          392		410		1		0.00
          425		438		1		0.00
          426		437		7		0.04
          427		436		7		0.04
          428		435		8		0.05
          457		482		10		0.08
          458		481		2		0.00
          459		480		12		0.11
          460		479		0		0.00
          461		478		0		0.00
          462		477		6		0.03
          463		476		1		0.00
          464		475		4		0.00
          492		536		5		0.01
          493		535		4		0.00
          494		534		0		0.00
          495		533		1		0.00
          496		532		1		0.00
          497		531		0		0.00
          498		530		0		0.00
          499		529		7		0.04
          502		528		0		0.00
          503		527		0		0.00
          504		526		4		0.00
          506		524		1		0.00
          507		523		6		0.03
     *    578		606		8		0.05
          579		605		12		0.11
          580		604		13		0.12
          581		603		8		0.05
          582		602		4		0.00
          583		601		8		0.05
          584		600		0		0.00
          585		599		0		0.00
          586		598		0		0.00
          587		597		8		0.05
#
# BPAIRS 134
# avg substitutions per BP  4.9
# BPAIRS expected to covary 3.8
# BPAIRS observed to covary 4
#
