# R-scape :: RNA Structural Covariation Above Phylogenetic Expectation
# R-scape 1.5.4 elenarivas@fas.harvard.edu (May 2020)
# Copyright (C) 2016-2019 Howard Hughes Medical Institute.
# Freely distributed under the GNU General Public License (GPLv3).
gnuplot not found. Some plots will not display
#-------------------------------------------------------------------------------------------------------
# MSA RF01854_Bacteria_large_SRP nseq 92 (92) alen 266 (315) avgid 75.14 (74.25) nbpairs 98 (98)
# Two-set statistical test (one test for annotated basepairs, another for all other pairs)
#
#
# Method Target_E-val [cov_min,cov_max] [FP | TP True Found | Sen PPV F] 
# GTp    0.05         [-9.83,192.02]     [0 | 14 98 14 | 14.29 100.00 25.00] 
#
#       left_pos       right_pos        score          E-value       substitutions      power
#-------------------------------------------------------------------------------------------------------
*	     177	     202	192.01875	4.29961e-16	120		0.83
*	     178	     201	100.04098	6.838e-07	70		0.62
*	     170	     207	95.40156	1.98916e-06	83		0.69
*	     136	     246	87.37142	1.23726e-05	90		0.73
*	     168	     208	79.65356	7.37402e-05	47		0.46
*	     149	     230	75.61480	0.000183015	81		0.68
*	     158	     218	71.69641	0.000436376	90		0.73
*	     167	     209	68.52023	0.00089264	64		0.59
*	      10	      61	63.89928	0.00255004	28		0.29
*	     160	     216	61.13027	0.00480264	84		0.70
*	     114	     266	60.85354	0.00517249	30		0.31
*	     115	     265	58.13600	0.00933636	38		0.39
*	     111	     269	54.20570	0.0222838	47		0.46
*	      98	     281	53.03619	0.0285227	37		0.38

# The given structure
# SS_cons [[[[[[[((((,<<<<<<<<___>>>>>>>>,,,,,<<<<<<__________>>>>>>,)
#
# SS_cons ))),,,,,,,<<<-<<<<--<<<<<<---<<<<<-<<<<<----<<---<<<<<<--<<-
#
# SS_cons <<<----------<<<<<<<<<---<<<<<<---<<-<<<<<--<<<<-<<<---<<<<<
#
# SS_cons ----<<<____>>>---->>>>>->>>>>>>-->>>>>->>------>>>>>>----->>
#
# SS_cons ->>>>>>>------->>>-->>-->>>>>>--->>--->>>>>-->>>>>--->>>>>>-
#
# SS_cons >>>>->>>]]]]]]]
#

# The given structure

# Power analysis of given structure 
#
# covary  left_pos      right_pos    substitutions      power
#----------------------------------------------------------------
          1		315		3		0.00
          2		314		0		0.00
          3		313		2		0.00
          4		312		1		0.00
          5		311		6		0.03
          6		310		0		0.00
          7		309		0		0.00
          8		63		7		0.04
          9		62		36		0.37
     *    10		61		28		0.29
          11		60		25		0.26
          13		31		0		0.00
          14		30		0		0.00
          15		29		0		0.00
          16		28		2		0.00
          17		27		7		0.04
          18		26		0		0.00
          19		25		12		0.11
          20		24		0		0.00
          37		58		3		0.00
          38		57		36		0.37
          39		56		34		0.35
          40		55		0		0.00
          41		54		7		0.04
          42		53		6		0.03
          71		308		0		0.00
          72		307		6		0.03
          73		306		15		0.14
          75		304		27		0.28
          76		303		25		0.26
          77		302		22		0.23
          78		301		28		0.29
          81		299		0		0.00
          82		298		0		0.00
          83		297		6		0.03
          84		296		27		0.28
          85		295		22		0.23
          86		294		43		0.43
          90		290		34		0.35
          91		289		28		0.29
          92		288		47		0.46
          93		287		33		0.34
          94		286		13		0.12
          96		283		38		0.39
          97		282		22		0.23
     *    98		281		37		0.38
          99		280		20		0.20
          100		279		19		0.19
          105		275		15		0.14
          106		274		11		0.09
          110		270		28		0.29
     *    111		269		47		0.46
          112		268		27		0.28
          113		267		20		0.20
     *    114		266		30		0.31
     *    115		265		38		0.39
          118		262		26		0.27
          119		261		26		0.27
          121		258		8		0.05
          122		257		8		0.05
          123		256		3		0.00
          134		248		65		0.59
          135		247		71		0.63
     *    136		246		90		0.73
          137		245		58		0.55
          138		244		35		0.36
          139		243		55		0.53
          140		242		10		0.08
          141		240		9		0.07
          142		239		28		0.29
          146		233		35		0.36
          147		232		20		0.20
          148		231		51		0.50
     *    149		230		81		0.68
          150		229		34		0.35
          151		228		9		0.07
          155		221		8		0.05
          156		220		8		0.05
     *    158		218		90		0.73
          159		217		62		0.57
     *    160		216		84		0.70
          161		215		49		0.48
          162		214		9		0.07
          165		211		76		0.66
          166		210		77		0.66
     *    167		209		64		0.59
     *    168		208		47		0.46
     *    170		207		83		0.69
          171		206		9		0.07
          172		205		0		0.00
          176		203		10		0.08
     *    177		202		120		0.83
     *    178		201		70		0.62
          179		200		0		0.00
          180		199		0		0.00
          185		194		10		0.08
          186		193		2		0.00
          187		192		1		0.00
#
# BPAIRS 98
# avg substitutions per BP  26.0
# BPAIRS expected to covary 23.3
# BPAIRS observed to covary 14
#
