# R-scape :: RNA Structural Covariation Above Phylogenetic Expectation
# R-scape 1.5.4 elenarivas@fas.harvard.edu (May 2020)
# Copyright (C) 2016-2019 Howard Hughes Medical Institute.
# Freely distributed under the GNU General Public License (GPLv3).
gnuplot not found. Some plots will not display
#-------------------------------------------------------------------------------------------------------
# MSA RF01855_Plant_SRP nseq 63 (63) alen 311 (367) avgid 64.32 (63.83) nbpairs 123 (123)
# Two-set statistical test (one test for annotated basepairs, another for all other pairs)
#
#
# Method Target_E-val [cov_min,cov_max] [FP | TP True Found | Sen PPV F] 
# GTp    0.05         [-9.85,75.06]     [0 | 9 123 9 | 7.32 100.00 13.64] 
#
#       left_pos       right_pos        score          E-value       substitutions      power
#-------------------------------------------------------------------------------------------------------
*	     150	     278	75.05963	9.84617e-06	60		0.56
*	      62	     353	68.89352	5.23997e-05	73		0.64
*	     180	     187	67.99574	6.64683e-05	58		0.55
*	     152	     276	60.88113	0.000457615	81		0.68
*	     165	     202	58.18190	0.000922519	64		0.59
*	     223	     265	56.70341	0.00135853	63		0.58
*	     225	     262	54.96519	0.00215561	64		0.59
*	      65	     349	54.84043	0.0022398	38		0.39
*	     163	     204	45.95743	0.0207032	81		0.68

# The given structure
# SS_cons (((,<<<<<<<<____>>>>>>>>,,,,<<<<___>>>>))):::((((((((((-(---
#
# SS_cons (((-(((----((((((----((((((-((((-((((((-((-(---(((-((-------
#
# SS_cons ---------(((((((-((((-((((((((((-(((((,,<<<<<<--<<<<<<<<<-<<
#
# SS_cons <____>>>->>>>>>>->>->>>>>>,,,,<<____>>,<<<<<<<---<<<<<----<<
#
# SS_cons <______>>>---->>>>>->>>->>>>,)))))-)))))-)))))))----))))))))
#
# SS_cons )))-)))-)-))))))-))------))))-))))))--))))))--)))--)))-)))))
#
# SS_cons )))))):
#

# The given structure

# Power analysis of given structure 
#
# covary  left_pos      right_pos    substitutions      power
#----------------------------------------------------------------
          1		42		10		0.08
          2		41		39		0.40
          3		40		15		0.14
          5		24		0		0.00
          6		23		37		0.38
          7		22		17		0.17
          8		21		26		0.27
          9		20		44		0.44
          10		19		56		0.53
          11		18		55		0.53
          12		17		29		0.30
          29		39		21		0.21
          30		38		2		0.00
          31		37		4		0.00
          32		36		32		0.33
          46		366		38		0.39
          47		365		26		0.27
          48		364		18		0.18
          49		363		57		0.54
          50		362		38		0.39
          51		361		46		0.46
          52		360		27		0.28
          53		359		61		0.57
          54		358		18		0.18
          55		357		50		0.49
          57		356		19		0.19
          61		354		28		0.29
     *    62		353		73		0.64
          63		352		70		0.62
     *    65		349		38		0.39
          66		348		55		0.53
          67		347		65		0.59
          72		344		74		0.65
          73		343		73		0.64
          74		342		85		0.70
          75		341		77		0.66
          76		340		64		0.59
          77		339		52		0.50
          82		336		50		0.49
          83		335		40		0.41
          84		334		62		0.57
          85		333		88		0.72
          86		332		84		0.70
          87		331		73		0.64
          89		329		24		0.25
          90		328		49		0.48
          91		327		48		0.47
          92		326		70		0.62
          94		319		7		0.04
          95		318		19		0.19
          96		316		83		0.69
          97		315		51		0.50
          98		314		69		0.62
          99		313		85		0.70
          101		312		68		0.61
          102		311		82		0.69
          104		309		31		0.32
          108		307		97		0.76
          109		306		86		0.71
          110		305		60		0.56
          112		303		37		0.38
          113		302		69		0.62
          130		301		44		0.44
          131		300		39		0.40
          132		299		35		0.36
          133		298		47		0.46
          134		297		53		0.51
          135		296		45		0.45
          136		295		46		0.46
          138		294		14		0.13
          139		293		12		0.11
          140		288		0		0.00
          141		287		0		0.00
          143		286		74		0.65
          144		285		12		0.11
          145		284		12		0.11
          146		283		3		0.00
          147		282		11		0.09
          148		280		29		0.30
          149		279		3		0.00
     *    150		278		60		0.56
          151		277		83		0.69
     *    152		276		81		0.68
          154		274		70		0.62
          155		273		59		0.55
          156		272		6		0.03
          157		271		8		0.05
          158		270		29		0.30
          161		206		30		0.31
          162		205		65		0.59
     *    163		204		81		0.68
          164		203		83		0.69
     *    165		202		64		0.59
          166		201		66		0.60
          169		199		97		0.76
          170		198		41		0.41
          171		196		71		0.63
          172		195		51		0.50
          173		194		85		0.70
          174		193		82		0.69
          175		192		52		0.50
          176		191		63		0.58
          177		190		70		0.62
          179		188		86		0.71
     *    180		187		58		0.55
          181		186		41		0.41
          211		218		43		0.43
          212		217		16		0.16
          220		268		62		0.57
          221		267		10		0.08
          222		266		28		0.29
     *    223		265		63		0.58
          224		263		58		0.55
     *    225		262		64		0.59
          226		261		3		0.00
          230		259		92		0.74
          231		258		4		0.00
          232		257		0		0.00
          233		256		42		0.42
          234		255		19		0.19
          239		250		0		0.00
          240		249		11		0.09
          241		248		0		0.00
#
# BPAIRS 123
# avg substitutions per BP  45.1
# BPAIRS expected to covary 50.5
# BPAIRS observed to covary 9
#
