# R-scape :: RNA Structural Covariation Above Phylogenetic Expectation
# R-scape 1.5.4 elenarivas@fas.harvard.edu (May 2020)
# Copyright (C) 2016-2019 Howard Hughes Medical Institute.
# Freely distributed under the GNU General Public License (GPLv3).
gnuplot not found. Some plots will not display
#-------------------------------------------------------------------------------------------------------
# MSA RF01766_cspA nseq 15 (15) alen 429 (542) avgid 74.42 (73.27) nbpairs 124 (124)
# Two-set statistical test (one test for annotated basepairs, another for all other pairs)
#
#
# Method Target_E-val [cov_min,cov_max] [FP | TP True Found | Sen PPV F] 
# GTp    0.05         [-9.93,16.99]     [0 | 3 124 3 | 2.42 100.00 4.72] 
#
#       left_pos       right_pos        score          E-value       substitutions      power
#-------------------------------------------------------------------------------------------------------
*	     515	     535	16.98993	0.000638507	23		0.24
*	     518	     532	15.74477	0.00463702	12		0.11
*	     520	     530	15.61598	0.00568617	14		0.13

# The given structure
# SS_cons :::<<<<<<_______>>>>>>::::::::[[--[[[[--------------[[--[[[-
#
# SS_cons -[---[[--[-[------[-[[[--[-[[[-[[-[-[[,,,((((-(((------((((-
#
# SS_cons (--((,,,<-<<<_________________________>>>->,,,,,,,,,,,,,,,,,
#
# SS_cons ,,,,,,,<<<___________>>>,,,,,,,,,,,,,,,,,,,,,))))-)-))------
#
# SS_cons -))))))),<<<<<______>>>>>,,,,,,,,,,,]]]]]]]]]-]]]]-]]]-]----
#
# SS_cons ]]]]]]--]]]]-]]::((((((,,,,,,,<<_____>>,,<<<<<<-<<<<<<-<<<<<
#
# SS_cons <--<<<________>>>>>>>>>---->>->>>>>>>>>>,,,,,,))))))::::<<<-
#
# SS_cons <<<___>>>>>><<<<<<<<<______>>>>>-->>>>:::::<<<-----<<<<_____
#
# SS_cons _____>>>>--->--->>::::::::<<----<<<<<<<<<<_____>>>>>>>>>>>>:
#
# SS_cons ::
#

# The given structure

# Power analysis of given structure 
#
# covary  left_pos      right_pos    substitutions      power
#----------------------------------------------------------------
          4		22		6		0.03
          5		21		1		0.00
          6		20		7		0.04
          7		19		7		0.04
          8		18		6		0.03
          9		17		7		0.04
          31		315		8		0.05
          32		314		0		0.00
          35		312		0		0.00
          36		311		1		0.00
          37		310		4		0.00
          38		309		17		0.17
          53		306		18		0.18
          54		305		3		0.00
          57		304		8		0.05
          58		303		15		0.14
          59		302		1		0.00
          62		301		0		0.00
          66		296		0		0.00
          67		294		3		0.00
          70		293		4		0.00
          72		292		2		0.00
          79		290		13		0.12
          81		289		4		0.00
          82		288		4		0.00
          83		287		4		0.00
          86		285		0		0.00
          88		284		8		0.05
          89		283		3		0.00
          90		282		9		0.07
          92		281		6		0.03
          93		280		0		0.00
          95		279		1		0.00
          97		278		0		0.00
          98		277		2		0.00
          102		248		1		0.00
          103		247		6		0.03
          104		246		7		0.04
          105		245		8		0.05
          107		244		8		0.05
          108		243		4		0.00
          109		242		5		0.01
          116		234		10		0.08
          117		233		1		0.00
          118		231		11		0.09
          119		229		1		0.00
          121		228		13		0.12
          124		227		10		0.08
          125		226		9		0.07
          129		163		9		0.07
          131		161		14		0.13
          132		160		17		0.17
          133		159		17		0.17
          188		204		0		0.00
          189		203		0		0.00
          190		202		1		0.00
          250		265		0		0.00
          251		264		9		0.07
          252		263		9		0.07
          253		262		8		0.05
          254		261		2		0.00
          318		412		10		0.08
          319		411		6		0.03
          320		410		0		0.00
          321		409		6		0.03
          322		408		3		0.00
          323		407		0		0.00
          331		339		1		0.00
          332		338		0		0.00
          342		400		13		0.12
          343		399		8		0.05
          344		398		0		0.00
          345		397		0		0.00
          346		396		2		0.00
          347		395		0		0.00
          349		394		2		0.00
          350		393		5		0.01
          351		392		3		0.00
          352		391		0		0.00
          353		389		0		0.00
          354		388		9		0.07
          356		383		6		0.03
          357		382		10		0.08
          358		381		2		0.00
          359		380		0		0.00
          360		379		10		0.08
          361		378		11		0.09
          364		377		2		0.00
          365		376		8		0.05
          366		375		8		0.05
          417		432		14		0.13
          418		431		0		0.00
          419		430		0		0.00
          421		429		6		0.03
          422		428		0		0.00
          423		427		2		0.00
          433		458		2		0.00
          434		457		6		0.03
          435		456		9		0.07
          436		455		1		0.00
          437		452		2		0.00
          438		451		12		0.11
          439		450		9		0.07
          440		449		18		0.18
          441		448		13		0.12
          464		498		9		0.07
          465		497		17		0.17
          466		493		11		0.09
          472		489		26		0.27
          473		488		6		0.03
          474		487		2		0.00
          475		486		8		0.05
          507		539		5		0.01
          508		538		5		0.01
          513		537		7		0.04
          514		536		12		0.11
     *    515		535		23		0.24
          516		534		4		0.00
          517		533		2		0.00
     *    518		532		12		0.11
          519		531		16		0.16
     *    520		530		14		0.13
          521		529		10		0.08
          522		528		5		0.01
#
# BPAIRS 124
# avg substitutions per BP  6.2
# BPAIRS expected to covary 5.4
# BPAIRS observed to covary 3
#
