# R-scape :: RNA Structural Covariation Above Phylogenetic Expectation
# R-scape 1.5.4 elenarivas@fas.harvard.edu (May 2020)
# Copyright (C) 2016-2019 Howard Hughes Medical Institute.
# Freely distributed under the GNU General Public License (GPLv3).
gnuplot not found. Some plots will not display
#-------------------------------------------------------------------------------------------------------
# MSA RF01267_snR37 nseq 9 (9) alen 387 (439) avgid 71.90 (71.12) nbpairs 128 (128)
# Two-set statistical test (one test for annotated basepairs, another for all other pairs)
#
#
# Method Target_E-val [cov_min,cov_max] [FP | TP True Found | Sen PPV F] 
# GTp    0.05         [-5.33,9.42]     [0 | 4 128 4 | 3.12 100.00 6.06] 
#
#       left_pos       right_pos        score          E-value       substitutions      power
#-------------------------------------------------------------------------------------------------------
*	     329	     343	9.41724	0.00546471	18		0.18
*	      84	     180	8.85960	0.014272	2		0.00
*	     235	     247	8.77214	0.0173708	4		0.00
*	     360	     415	8.66579	0.0210485	10		0.08

# The given structure
# SS_cons :::::::<<<<<<<<<<<<<-<<<<____>>>>->>>>>>>-->>--->>>>:::::[[[
#
# SS_cons [[[[,,,,((((((((((((((((((((,,,<<<<<<<-<<<<<<<-<<-----<<<<<<
#
# SS_cons __________________>>>>>>--->>>>>>>>>->>>>>>><<<____>>>))))-)
#
# SS_cons ))-)))))))))-)))),,,,,,,,,,,,,,,,,,,,,<<<<<<<--<<<<<<<<<____
#
# SS_cons _____>>>>>>--->>>-->>>>>>>,,,,,,,,,]]]]]]]:::::::::::(((((-(
#
# SS_cons (((((((,,,,,,,,,,,,,,,<<<<<<<<<_________>>>--->>>>>->,<<<--<
#
# SS_cons <<<<-<<-<<<<<<<<<<<______>>>>>>>----->>>>>>------->>>>>>>>))
#
# SS_cons ))))))-))))):::::::
#

# The given structure

# Power analysis of given structure 
#
# covary  left_pos      right_pos    substitutions      power
#----------------------------------------------------------------
          8		52		0		0.00
          9		51		5		0.01
          10		50		1		0.00
          11		49		2		0.00
          12		45		1		0.00
          13		44		1		0.00
          14		41		0		0.00
          15		40		0		0.00
          16		39		0		0.00
          17		38		0		0.00
          18		37		0		0.00
          19		36		0		0.00
          20		35		0		0.00
          22		33		0		0.00
          23		32		0		0.00
          24		31		0		0.00
          25		30		0		0.00
          58		282		0		0.00
          59		281		0		0.00
          60		280		0		0.00
          61		279		0		0.00
          62		278		0		0.00
          63		277		1		0.00
          64		276		0		0.00
          69		197		0		0.00
          70		196		5		0.01
          71		195		4		0.00
          72		194		0		0.00
          73		192		10		0.08
          74		191		5		0.01
          75		190		1		0.00
          76		189		1		0.00
          77		188		10		0.08
          78		187		0		0.00
          79		186		6		0.03
          80		185		5		0.01
          81		184		0		0.00
          82		182		7		0.04
          83		181		7		0.04
     *    84		180		2		0.00
          85		178		1		0.00
          86		177		4		0.00
          87		176		1		0.00
          88		175		0		0.00
          92		164		10		0.08
          93		163		0		0.00
          94		162		3		0.00
          95		161		2		0.00
          96		160		1		0.00
          97		159		9		0.07
          98		158		9		0.07
          100		156		6		0.03
          101		155		8		0.05
          102		154		8		0.05
          103		153		9		0.07
          104		152		8		0.05
          105		151		9		0.07
          106		150		12		0.11
          108		149		8		0.05
          109		148		11		0.09
          115		144		9		0.07
          116		143		8		0.05
          117		142		12		0.11
          118		141		4		0.00
          119		140		10		0.08
          120		139		9		0.07
          165		174		0		0.00
          166		173		1		0.00
          167		172		0		0.00
          219		266		0		0.00
          220		265		0		0.00
          221		264		1		0.00
          222		263		0		0.00
          223		262		0		0.00
          224		261		9		0.07
          225		260		3		0.00
          228		257		3		0.00
          229		256		0		0.00
          230		255		0		0.00
          231		251		9		0.07
          232		250		0		0.00
          233		249		16		0.16
          234		248		2		0.00
     *    235		247		4		0.00
          236		246		6		0.03
          294		432		6		0.03
          295		431		0		0.00
          296		430		10		0.08
          297		429		7		0.04
          298		428		2		0.00
          300		426		0		0.00
          301		425		2		0.00
          302		424		1		0.00
          303		423		7		0.04
          304		422		2		0.00
          305		421		7		0.04
          306		420		2		0.00
          307		419		2		0.00
          323		353		2		0.00
          324		351		11		0.09
          325		350		7		0.04
          326		349		16		0.16
          327		348		8		0.05
          328		347		11		0.09
     *    329		343		18		0.18
          330		342		8		0.05
          331		341		9		0.07
          355		418		8		0.05
          356		417		2		0.00
          357		416		11		0.09
     *    360		415		10		0.08
          361		414		14		0.13
          362		413		10		0.08
          363		412		10		0.08
          364		411		9		0.07
          366		403		0		0.00
          367		402		7		0.04
          369		401		4		0.00
          370		400		0		0.00
          371		399		0		0.00
          372		398		0		0.00
          373		392		0		0.00
          374		391		6		0.03
          375		390		0		0.00
          376		389		3		0.00
          377		388		4		0.00
          378		387		0		0.00
          379		386		4		0.00
#
# BPAIRS 128
# avg substitutions per BP  4.2
# BPAIRS expected to covary 3.4
# BPAIRS observed to covary 4
#
