# R-scape :: RNA Structural Covariation Above Phylogenetic Expectation
# R-scape 1.5.4 elenarivas@fas.harvard.edu (May 2020)
# Copyright (C) 2016-2019 Howard Hughes Medical Institute.
# Freely distributed under the GNU General Public License (GPLv3).
gnuplot not found. Some plots will not display
#-------------------------------------------------------------------------------------------------------
# MSA RF02542_SSU_rRNA_microsporidia nseq 46 (46) alen 1392 (1752) avgid 67.07 (66.53) nbpairs 366 (366)
# Two-set statistical test (one test for annotated basepairs, another for all other pairs)
#
#
# Method Target_E-val [cov_min,cov_max] [FP | TP True Found | Sen PPV F] 
# GTp    0.05         [-9.84,93.06]     [1 | 116 366 117 | 31.69 99.15 48.03] 
#
#       left_pos       right_pos        score          E-value       substitutions      power
#-------------------------------------------------------------------------------------------------------
*	     131	     238	93.05870	5.48794e-11	74		0.65
*	    1434	    1454	90.76641	1.21989e-10	62		0.57
*	    1292	    1306	90.25485	1.53251e-10	80		0.68
*	     911	     949	87.77801	3.60443e-10	93		0.74
*	    1295	    1303	87.25608	4.52739e-10	87		0.71
*	     456	     474	87.28009	4.52739e-10	81		0.68
*	     743	     813	81.59099	3.51698e-09	76		0.66
*	    1293	    1305	80.51738	5.23732e-09	83		0.69
*	     267	     287	79.81798	6.57512e-09	73		0.64
*	     459	     471	79.24569	8.25423e-09	78		0.67
*	     755	     782	75.69452	3.04915e-08	73		0.64
*	     393	     406	75.22715	3.61528e-08	70		0.62
*	    1380	    1417	73.39208	7.14241e-08	74		0.65
*	     394	     405	72.34409	1.0037e-07	73		0.64
*	     458	     472	70.51885	1.98116e-07	83		0.69
*	    1186	    1191	70.34510	2.09661e-07	48		0.47
*	     742	     814	70.41011	2.09661e-07	65		0.59
*	     850	     890	69.17452	3.29778e-07	57		0.54
*	    1438	    1450	68.43981	4.13545e-07	80		0.68
*	     918	     942	68.39276	4.37616e-07	72		0.64
*	    1104	    1151	67.89698	5.18549e-07	67		0.61
*	    1103	    1152	67.55533	5.80643e-07	80		0.68
*	     130	     239	67.25565	6.50159e-07	69		0.62
*	    1435	    1453	66.25508	9.12629e-07	48		0.47
*	    1569	    1674	65.94255	1.0218e-06	70		0.62
*	     753	     784	65.78339	1.08118e-06	70		0.62
*	    1480	    1493	65.66592	1.14401e-06	87		0.71
*	     754	     783	65.23344	1.3552e-06	73		0.64
*	     272	     282	65.03119	1.43391e-06	64		0.59
*	     457	     473	64.85882	1.51719e-06	84		0.70
*	    1294	    1304	64.62201	1.6985e-06	79		0.67
*	    1117	    1140	64.52498	1.79711e-06	57		0.54
*	    1381	    1416	63.51921	2.52098e-06	68		0.61
*	    1107	    1148	63.42058	2.66722e-06	63		0.58
*	     994	    1001	62.85858	3.15871e-06	74		0.65
*	     912	     948	62.52785	3.5356e-06	84		0.70
*	    1551	    1689	62.27488	3.95734e-06	83		0.69
*	    1379	    1418	62.19959	3.95734e-06	81		0.68
*	     124	     244	62.23394	3.95734e-06	58		0.55
*	     752	     785	61.38562	5.54817e-06	85		0.70
*	      68	      89	60.52841	7.35106e-06	57		0.54
*	    1105	    1150	59.69594	1.03009e-05	90		0.73
*	    1093	    1353	59.06961	1.2897e-05	50		0.49
*	    1378	    1419	58.43080	1.61451e-05	85		0.70
*	     460	     470	58.34251	1.61451e-05	64		0.59
*	     746	     793	57.91815	1.91058e-05	75		0.65
*	     756	     781	57.75685	2.02084e-05	58		0.55
*	     113	     251	57.62164	2.13744e-05	73		0.64
*	     386	     411	57.48111	2.26075e-05	36		0.37
*	    1106	    1149	56.85853	2.82907e-05	80		0.68
*	     745	     811	55.85616	3.95911e-05	78		0.67
*	    1226	    1317	55.70949	4.18704e-05	54		0.52
*	     485	     538	54.93278	5.53839e-05	34		0.35
*	     913	     947	54.36895	6.92589e-05	65		0.59
*	    1439	    1449	53.79497	8.18917e-05	60		0.56
*	    1118	    1139	53.08038	0.000108244	36		0.37
*	     954	     961	52.25502	0.000143029	39		0.40
*	    1568	    1675	52.18478	0.00015122	75		0.65
*	    1476	    1497	51.73421	0.000178701	58		0.55
*	     851	     889	51.23645	0.000211149	52		0.50
*	    1436	    1452	50.93174	0.000235973	71		0.63
*	    1433	    1455	50.54533	0.000263698	52		0.50
*	    1477	    1496	50.34207	0.000278753	69		0.62
*	     732	     822	50.17208	0.000311474	45		0.45
*	    1376	    1421	49.56005	0.000388809	52		0.50
*	    1199	    1207	48.68818	0.000512803	52		0.50
*	      38	     421	48.74660	0.000512803	35		0.36
*	    1565	    1678	48.36698	0.000572766	68		0.61
*	     153	     162	48.06816	0.000639689	35		0.36
*	     751	     787	47.94688	0.000676007	37		0.38
*	    1227	    1316	47.79168	0.000714372	70		0.62
*	    1440	    1448	47.25427	0.00084292	70		0.62
*	     355	     366	47.34394	0.00084292	58		0.55
*	     128	     241	47.34761	0.00084292	36		0.37
*	     269	     285	46.92847	0.000941121	33		0.34
*	    1377	    1420	46.39304	0.00117284	63		0.58
*	     254	     300	46.29028	0.00117284	22		0.23
*	    1156	    1343	46.05027	0.0013091	52		0.50
*	     917	     943	45.71782	0.00146103	79		0.67
*	     762	     771	45.74942	0.00146103	69		0.62
*	     993	    1002	45.59063	0.00154343	60		0.56
*	     728	     828	45.27180	0.00172228	52		0.50
*	    1437	    1451	45.07899	0.00181925	74		0.65
*	    1475	    1498	44.95516	0.00192163	49		0.48
*	     152	     163	44.85340	0.00202971	73		0.64
*	    1116	    1141	44.42990	0.00226424	61		0.57
*	      67	      90	44.15772	0.00252556	43		0.43
*	    1479	    1494	44.03095	0.00266719	60		0.56
*	      31	     544	42.71458	0.00412171	31		0.32
*	     262	     290	42.82871	0.00412171	44		0.44
*	      72	      84	41.77682	0.00570343	54		0.52
*	     572	     840	41.68550	0.00601977	47		0.46
*	     129	     240	41.38813	0.00670512	26		0.27
*	     273	     281	41.13797	0.00746705	39		0.40
*	     114	     250	41.03484	0.00746705	54		0.52
*	     744	     812	40.59349	0.00877193	21		0.21
*	     154	     161	40.59419	0.00877193	44		0.44
*	    1225	    1318	40.31691	0.00976354	22		0.23
 	     251	    1181	62.39260	0.00989067	73		0.64
*	    1050	    1369	40.17759	0.0102997	54		0.52
*	    1058	    1359	40.01663	0.0108647	30		0.31
*	     268	     286	39.91395	0.0108647	46		0.46
*	    1556	    1685	39.78025	0.01146	59		0.55
*	     731	     823	39.56705	0.0127478	36		0.37
*	     259	     297	39.52741	0.0127478	18		0.18
*	    1548	    1692	39.14004	0.0141765	54		0.52
*	     562	     979	38.86606	0.0157608	31		0.32
*	     919	     941	38.89847	0.0157608	55		0.53
*	    1559	    1682	38.68693	0.0166164	59		0.55
*	    1478	    1495	38.27651	0.0194626	49		0.48
*	    1429	    1459	38.31057	0.0194626	28		0.29
*	     132	     237	38.08231	0.0205124	83		0.69
*	     915	     945	37.97775	0.0216169	65		0.59
*	    1096	    1350	37.30963	0.0266374	67		0.61
*	     502	     532	36.68237	0.0327685	30		0.31
*	    1228	    1315	36.34297	0.0363185	76		0.66
*	     503	     531	35.53677	0.0468541	37		0.38

# The given structure
# SS_cons :::<<<<<_________>>>>>:{-{{{{-{{{{{,{{{{{{{{[-----[[[--[[[,,
#
# SS_cons <<---<<<---<<_________>>---->>>->>,,,,,,(((,,,,,,,<<<<<<<<--
#
# SS_cons --<<---<<<<<<<------<<<-----<<<<<<<____>>>>>>>------>>>-----
#
# SS_cons ------------------------------------------------------>>>>>>
#
# SS_cons >-->>>>>>>>>><<<--<-<<<--<<<<<<<<_______>>>>>>>>>>>----->>>>
#
# SS_cons ,,,<<<<-<<<<____>>>>--->>>>))),<<<<<<__________>>>>>>,<<<<__
#
# SS_cons __>>>>,,,]]]]-]]-],,,,,<-<<<---<<<<<______>>>>>->>>>,}}-}}}}
#
# SS_cons }},,,,,,,,,,,,,,,,,,,,,,,,,,,,,,,,<<<<<<_________>>>>>>,,,,,
#
# SS_cons ,,,,<<--<<<<---------<<<<------<<_____>>-------->>>>>>>>>>,}
#
# SS_cons }}}}}}}}}::::::::::[[[,,,,,,,((((---(((---------------------
#
# SS_cons ------------------------------------------------------------
#
# SS_cons ------------------------------------------------------------
#
# SS_cons ------((((((((-(--(((((((<<--<<<<<<<<---<<<______>>->------>
#
# SS_cons >>>>>->->-->>,,,,<--<<_____>>>)))))))-)))))-)-)))---)))---))
#
# SS_cons )),,,,<<-<<<<----<<---<<<<___________>>>>--->>>>>>->>,,,,,,,
#
# SS_cons ,,,((((((,<<<<<<<<<<___________________>>>>>>>>>>,,,<<______
#
# SS_cons >>,,,,,)))----))),]]]:<<<------<<<<____>>>>----->>>:::::::::
#
# SS_cons ::{{{{{-{{{{{{{--{{,,{{{{{{{{{{{{{{{{{,,,,,,,<<<<________>>>
#
# SS_cons >,,,,,,,,,{{{{{{{,,,,,<<<<<<-------<<<<__________________>>>
#
# SS_cons >----->>>>>>,,,[[-[[[[--[[[[[-[[[[,,,((((((<<<____>>>,,<<<<_
#
# SS_cons ______>>>>,,,)))))),,,,,((((,,,,,,,,,,,,,,,,,,,,,,,,,,,,,,,,
#
# SS_cons ,,,,,,,,,,<<_________>>,,,,,<<<<<<<<_____>>>>>>>>,,,,,)))),,
#
# SS_cons ,,]]]]-]]-]---]-]]]]]]],,,,,}}}}}}},,,}-}-}}}}}}}}}},,,<<<<<
#
# SS_cons <__________________________________>>>>>>,,,,,,,<---<<<<<<<<
#
# SS_cons _______>>>>>>>>--->,,,,,}}}}},,,,,<<<<<<<<________>>>>>>>>,,
#
# SS_cons ,,,,,}}---}}}}}}}}}}-}}::::<<-<<-<-<<<<<<<<--<<<<<<<<-<<<<<<
#
# SS_cons <<--<<-<<___________________________________________________
#
# SS_cons _____________________________________________________>>->>>>
#
# SS_cons >>>>>>>>>>>>>>-->>>>>>>>-->->>-->>::::::<<<<<<<<<<____>>>>>>
#
# SS_cons >>>>::::::::
#

# The given structure

# Power analysis of given structure 
#
# covary  left_pos      right_pos    substitutions      power
#----------------------------------------------------------------
          4		22		2		0.00
          5		21		1		0.00
          6		20		1		0.00
          7		19		2		0.00
          8		18		0		0.00
          24		549		23		0.24
          26		548		13		0.12
          27		547		27		0.28
          28		546		35		0.36
          29		545		42		0.42
     *    31		544		31		0.32
          32		543		30		0.31
          33		542		30		0.31
          34		541		1		0.00
          35		540		3		0.00
          37		422		21		0.21
     *    38		421		35		0.36
          39		420		24		0.25
          40		419		18		0.18
          41		418		28		0.29
          42		417		67		0.61
          43		415		72		0.64
          44		414		21		0.21
          45		378		1		0.00
          51		376		12		0.11
          52		375		0		0.00
          53		373		0		0.00
          56		372		0		0.00
          57		371		0		0.00
          58		370		1		0.00
          61		94		17		0.17
          62		93		43		0.43
          66		91		50		0.49
     *    67		90		43		0.43
     *    68		89		57		0.54
     *    72		84		54		0.52
          73		83		23		0.24
          101		330		1		0.00
          102		329		1		0.00
          103		328		0		0.00
          111		253		67		0.61
          112		252		57		0.54
     *    113		251		73		0.64
     *    114		250		54		0.52
          115		249		70		0.62
          116		248		77		0.66
          117		247		68		0.61
          118		246		19		0.19
          123		245		7		0.04
     *    124		244		58		0.55
     *    128		241		36		0.37
     *    129		240		26		0.27
     *    130		239		69		0.62
     *    131		238		74		0.65
     *    132		237		83		0.69
          133		236		78		0.67
          134		235		63		0.58
          141		175		48		0.47
          142		174		61		0.57
          143		173		37		0.38
          149		166		45		0.45
          150		165		0		0.00
          151		164		35		0.36
     *    152		163		73		0.64
     *    153		162		35		0.36
     *    154		161		44		0.44
          155		160		28		0.29
     *    254		300		22		0.23
          255		299		8		0.05
          256		298		23		0.24
     *    259		297		18		0.18
          261		291		0		0.00
     *    262		290		44		0.44
          263		289		2		0.00
          266		288		48		0.47
     *    267		287		73		0.64
     *    268		286		46		0.46
     *    269		285		33		0.34
          270		284		0		0.00
          271		283		3		0.00
     *    272		282		64		0.59
     *    273		281		39		0.40
          304		327		0		0.00
          305		326		1		0.00
          306		325		4		0.00
          307		324		23		0.24
          309		320		43		0.43
          310		319		41		0.41
          311		318		2		0.00
          312		317		7		0.04
          332		353		21		0.21
          333		352		7		0.04
          334		351		44		0.44
          335		350		2		0.00
          336		349		0		0.00
          337		348		1		0.00
     *    355		366		58		0.55
          356		365		25		0.26
          357		364		0		0.00
          358		363		0		0.00
          384		412		9		0.07
     *    386		411		36		0.37
          387		410		18		0.18
          388		409		2		0.00
          392		407		22		0.23
     *    393		406		70		0.62
     *    394		405		73		0.64
          395		404		47		0.46
          396		403		42		0.42
          455		475		88		0.72
     *    456		474		81		0.68
     *    457		473		84		0.70
     *    458		472		83		0.69
     *    459		471		78		0.67
     *    460		470		64		0.59
     *    485		538		34		0.35
          486		537		29		0.30
          489		536		2		0.00
          490		535		1		0.00
          491		534		0		0.00
          492		533		6		0.03
     *    502		532		30		0.31
     *    503		531		37		0.38
          504		530		11		0.09
          505		529		0		0.00
          512		520		0		0.00
          513		519		0		0.00
          560		981		12		0.11
          561		980		41		0.41
     *    562		979		31		0.32
          570		842		0		0.00
          571		841		13		0.12
     *    572		840		47		0.46
          573		839		7		0.04
          577		835		6		0.03
          578		834		9		0.07
          579		833		32		0.33
          727		829		39		0.40
     *    728		828		52		0.50
          729		827		6		0.03
          730		825		68		0.61
     *    731		823		36		0.37
     *    732		822		45		0.45
          733		821		57		0.54
          734		820		65		0.59
          736		819		49		0.48
          739		817		58		0.55
          740		816		0		0.00
          741		815		49		0.48
     *    742		814		65		0.59
     *    743		813		76		0.66
     *    744		812		21		0.21
     *    745		811		78		0.67
     *    746		793		75		0.65
          747		792		51		0.50
          750		789		3		0.00
     *    751		787		37		0.38
     *    752		785		85		0.70
     *    753		784		70		0.62
     *    754		783		73		0.64
     *    755		782		73		0.64
     *    756		781		58		0.55
          757		780		27		0.28
          761		773		33		0.34
     *    762		771		69		0.62
          763		770		37		0.38
          798		810		16		0.16
          801		809		0		0.00
          802		808		0		0.00
          847		893		1		0.00
          848		892		3		0.00
     *    850		890		57		0.54
     *    851		889		52		0.50
          852		888		1		0.00
          853		887		4		0.00
          858		886		8		0.05
          859		885		1		0.00
          863		881		56		0.53
          864		880		53		0.51
          865		879		49		0.48
          866		878		0		0.00
          904		977		7		0.04
          905		976		3		0.00
          906		975		4		0.00
          907		970		74		0.65
          908		969		7		0.04
          909		968		17		0.17
     *    911		949		93		0.74
     *    912		948		84		0.70
     *    913		947		65		0.59
          914		946		54		0.52
     *    915		945		65		0.59
          916		944		69		0.62
     *    917		943		79		0.67
     *    918		942		72		0.64
     *    919		941		55		0.53
          920		940		53		0.51
          953		962		27		0.28
     *    954		961		39		0.40
          983		1011		0		0.00
          984		1010		0		0.00
          985		1009		34		0.35
          992		1003		42		0.42
     *    993		1002		60		0.56
     *    994		1001		74		0.65
          995		1000		24		0.25
          1023		1523		0		0.00
          1024		1522		0		0.00
          1025		1520		10		0.08
          1026		1519		0		0.00
          1027		1518		0		0.00
          1029		1517		0		0.00
          1030		1516		21		0.21
          1031		1515		20		0.20
          1032		1514		52		0.50
          1033		1513		3		0.00
          1034		1512		13		0.12
          1035		1511		0		0.00
          1038		1507		2		0.00
          1039		1506		0		0.00
          1042		1469		2		0.00
          1043		1468		28		0.29
          1044		1467		2		0.00
          1045		1466		0		0.00
          1046		1465		0		0.00
          1047		1372		0		0.00
          1048		1371		0		0.00
          1049		1370		2		0.00
     *    1050		1369		54		0.52
          1051		1368		2		0.00
          1052		1367		4		0.00
          1053		1366		0		0.00
          1054		1365		2		0.00
          1055		1364		0		0.00
          1056		1363		14		0.13
          1057		1361		0		0.00
     *    1058		1359		30		0.31
          1066		1081		2		0.00
          1067		1080		13		0.12
          1068		1079		3		0.00
          1069		1078		3		0.00
          1091		1355		0		0.00
          1092		1354		0		0.00
     *    1093		1353		50		0.49
          1094		1352		33		0.34
          1095		1351		59		0.55
     *    1096		1350		67		0.61
          1097		1349		23		0.24
     *    1103		1152		80		0.68
     *    1104		1151		67		0.61
     *    1105		1150		90		0.73
     *    1106		1149		80		0.68
     *    1107		1148		63		0.58
          1108		1147		81		0.68
     *    1116		1141		61		0.57
     *    1117		1140		57		0.54
     *    1118		1139		36		0.37
          1119		1138		27		0.28
     *    1156		1343		52		0.50
          1157		1342		0		0.00
          1159		1341		0		0.00
          1160		1340		0		0.00
          1161		1339		0		0.00
          1162		1338		1		0.00
          1165		1337		0		0.00
          1166		1335		8		0.05
          1167		1331		0		0.00
          1168		1329		18		0.18
          1169		1328		0		0.00
          1171		1326		0		0.00
          1172		1325		2		0.00
          1173		1324		6		0.03
          1174		1323		75		0.65
          1178		1219		0		0.00
          1179		1218		18		0.18
          1180		1217		81		0.68
          1181		1216		73		0.64
          1182		1215		54		0.52
          1183		1214		1		0.00
          1184		1193		2		0.00
          1185		1192		35		0.36
     *    1186		1191		48		0.47
          1196		1210		79		0.67
          1197		1209		72		0.64
          1198		1208		33		0.34
     *    1199		1207		52		0.50
     *    1225		1318		22		0.23
     *    1226		1317		54		0.52
     *    1227		1316		70		0.62
     *    1228		1315		76		0.66
          1271		1283		48		0.47
          1272		1282		47		0.46
          1289		1309		1		0.00
          1290		1308		37		0.38
          1291		1307		25		0.26
     *    1292		1306		80		0.68
     *    1293		1305		83		0.69
     *    1294		1304		79		0.67
     *    1295		1303		87		0.71
          1296		1302		67		0.61
     *    1376		1421		52		0.50
     *    1377		1420		63		0.58
     *    1378		1419		85		0.70
     *    1379		1418		81		0.68
     *    1380		1417		74		0.65
     *    1381		1416		68		0.61
     *    1429		1459		28		0.29
     *    1433		1455		52		0.50
     *    1434		1454		62		0.57
     *    1435		1453		48		0.47
     *    1436		1452		71		0.63
     *    1437		1451		74		0.65
     *    1438		1450		80		0.68
     *    1439		1449		60		0.56
     *    1440		1448		70		0.62
     *    1475		1498		49		0.48
     *    1476		1497		58		0.55
     *    1477		1496		69		0.62
     *    1478		1495		49		0.48
     *    1479		1494		60		0.56
     *    1480		1493		87		0.71
          1481		1492		71		0.63
          1482		1491		70		0.62
          1528		1714		1		0.00
          1529		1713		14		0.13
          1531		1710		0		0.00
          1532		1709		0		0.00
          1534		1707		0		0.00
          1536		1704		50		0.49
          1537		1703		17		0.17
          1538		1702		1		0.00
          1539		1701		9		0.07
          1540		1700		14		0.13
          1541		1699		60		0.56
          1542		1698		62		0.57
          1543		1697		2		0.00
          1546		1694		12		0.11
          1547		1693		1		0.00
     *    1548		1692		54		0.52
          1549		1691		62		0.57
          1550		1690		80		0.68
     *    1551		1689		83		0.69
          1552		1688		65		0.59
          1553		1687		79		0.67
          1555		1686		85		0.70
     *    1556		1685		59		0.55
          1557		1684		68		0.61
          1558		1683		61		0.57
     *    1559		1682		59		0.55
          1560		1681		2		0.00
          1561		1680		2		0.00
          1562		1679		31		0.32
     *    1565		1678		68		0.61
          1566		1677		70		0.62
     *    1568		1675		75		0.65
     *    1569		1674		70		0.62
          1721		1744		32		0.33
          1722		1743		38		0.39
          1723		1742		16		0.16
          1724		1741		1		0.00
          1725		1740		60		0.56
          1726		1739		38		0.39
          1727		1738		14		0.13
          1728		1737		52		0.50
          1729		1736		0		0.00
          1730		1735		16		0.16
#
# BPAIRS 366
# avg substitutions per BP  34.5
# BPAIRS expected to covary 115.6
# BPAIRS observed to covary 116
#
