# R-scape :: RNA Structural Covariation Above Phylogenetic Expectation
# R-scape 1.5.4 elenarivas@fas.harvard.edu (May 2020)
# Copyright (C) 2016-2019 Howard Hughes Medical Institute.
# Freely distributed under the GNU General Public License (GPLv3).
gnuplot not found. Some plots will not display
#-------------------------------------------------------------------------------------------------------
# MSA RF02566_Ms1 nseq 4 (4) alen 318 (318) avgid 84.86 (84.86) nbpairs 96 (96)
# Two-set statistical test (one test for annotated basepairs, another for all other pairs)
#
#
# Method Target_E-val [cov_min,cov_max] [FP | TP True Found | Sen PPV F] 
# GTp    0.05         [-2.15,4.35]     [0 | 0 96 0 | 0.00 0.00 0.00] 
#
#       left_pos       right_pos        score          E-value       substitutions      power
#-------------------------------------------------------------------------------------------------------
no significant pairs

# The given structure
# SS_cons ::<<-<<-<<<<<---<<---<<--<<<<<<_________>>>>>>-->>->>--->>>>
#
# SS_cons >>>->>(((((((((--(((-((--(((-(((--((,,,<<<<________>>>>,,,,,
#
# SS_cons <<<<<<<<<<<<<<<--<<<<<<---<<<-<<<<<<----<<<<<<<______>>>>>>>
#
# SS_cons ->>>>>>-->>>->>>>>>-->>>>-->>>>>----->>>>>>,,,,,,,))-)))-)))
#
# SS_cons --))-)))---)))))))))<<<<<<<<<<<-<<<____________________>>>->
#
# SS_cons >>>>>>>>>>::::::::
#

# The given structure

# Power analysis of given structure 
#
# covary  left_pos      right_pos    substitutions      power
#----------------------------------------------------------------
          3		66		0		0.00
          4		65		0		0.00
          6		63		0		0.00
          7		62		0		0.00
          9		61		1		0.00
          10		60		0		0.00
          11		59		5		0.01
          12		58		8		0.05
          13		57		0		0.00
          17		53		0		0.00
          18		52		0		0.00
          22		50		0		0.00
          23		49		0		0.00
          26		46		0		0.00
          27		45		7		0.04
          28		44		0		0.00
          29		43		0		0.00
          30		42		0		0.00
          31		41		0		0.00
          67		260		4		0.00
          68		259		0		0.00
          69		258		3		0.00
          70		257		0		0.00
          71		256		0		0.00
          72		255		0		0.00
          73		254		0		0.00
          74		253		0		0.00
          75		252		4		0.00
          78		248		0		0.00
          79		247		0		0.00
          80		246		0		0.00
          82		244		0		0.00
          83		243		6		0.03
          86		240		0		0.00
          87		239		0		0.00
          88		238		0		0.00
          90		236		0		0.00
          91		235		0		0.00
          92		234		0		0.00
          95		232		0		0.00
          96		231		0		0.00
          100		115		0		0.00
          101		114		6		0.03
          102		113		0		0.00
          103		112		0		0.00
          121		223		0		0.00
          122		222		0		0.00
          123		221		0		0.00
          124		220		0		0.00
          125		219		0		0.00
          126		218		0		0.00
          127		212		0		0.00
          128		211		2		0.00
          129		210		0		0.00
          130		209		0		0.00
          131		208		0		0.00
          132		205		0		0.00
          133		204		0		0.00
          134		203		0		0.00
          135		202		4		0.00
          138		199		0		0.00
          139		198		0		0.00
          140		197		1		0.00
          141		196		0		0.00
          142		195		0		0.00
          143		194		0		0.00
          147		192		7		0.04
          148		191		0		0.00
          149		190		0		0.00
          151		187		0		0.00
          152		186		6		0.03
          153		185		0		0.00
          154		184		5		0.01
          155		183		0		0.00
          156		182		4		0.00
          161		180		0		0.00
          162		179		0		0.00
          163		178		4		0.00
          164		177		0		0.00
          165		176		0		0.00
          166		175		0		0.00
          167		174		0		0.00
          261		310		1		0.00
          262		309		0		0.00
          263		308		0		0.00
          264		307		0		0.00
          265		306		0		0.00
          266		305		0		0.00
          267		304		0		0.00
          268		303		0		0.00
          269		302		3		0.00
          270		301		0		0.00
          271		300		4		0.00
          273		298		0		0.00
          274		297		0		0.00
          275		296		0		0.00
#
# BPAIRS 96
# avg substitutions per BP  0.9
# BPAIRS expected to covary 0.2
# BPAIRS observed to covary 0
#
