# R-scape :: RNA Structural Covariation Above Phylogenetic Expectation
# R-scape 1.5.4 elenarivas@fas.harvard.edu (May 2020)
# Copyright (C) 2016-2019 Howard Hughes Medical Institute.
# Freely distributed under the GNU General Public License (GPLv3).
gnuplot not found. Some plots will not display
#-------------------------------------------------------------------------------------------------------
# MSA RF02541_LSU_rRNA_bacteria nseq 102 (102) alen 3007 (5241) avgid 69.09 (68.27) nbpairs 846 (846)
# Two-set statistical test (one test for annotated basepairs, another for all other pairs)
#
#
# Method Target_E-val [cov_min,cov_max] [FP | TP True Found | Sen PPV F] 
# GTp    0.05         [-9.76,259.82]     [22 | 522 846 544 | 61.70 95.96 75.11] 
#
#       left_pos       right_pos        score          E-value       substitutions      power
#-------------------------------------------------------------------------------------------------------
*	    2896	    2912	259.81838	8.0297e-21	181		0.95
*	    2142	    2294	248.31759	9.19313e-20	175		0.94
*	    1952	    2058	247.89339	1.01759e-19	180		0.95
*	      52	     849	247.10002	1.18504e-19	177		0.94
*	    3484	    3495	245.13206	1.7789e-19	190		0.96
*	    4505	    4519	243.83920	2.41247e-19	169		0.93
*	    4849	    5007	239.94237	5.43573e-19	187		0.96
*	    4918	    4928	238.56400	7.37132e-19	184		0.95
*	    2955	    2963	238.01193	8.15905e-19	142		0.89
*	    4895	    4952	235.56405	1.35551e-18	179		0.95
*	    3685	    3698	235.45216	1.35551e-18	156		0.91
*	    2808	    2857	232.98375	2.36914e-18	188		0.96
*	    1854	    1863	230.56873	3.93564e-18	169		0.93
*	     619	     764	230.57175	3.93564e-18	182		0.95
*	    1810	    1839	230.03682	4.3561e-18	168		0.93
*	    2141	    2295	229.52393	4.82148e-18	149		0.90
*	    4672	    4699	228.34176	6.21416e-18	176		0.94
*	    4504	    4520	227.10198	8.00902e-18	163		0.93
*	     958	    1601	227.15607	8.00902e-18	180		0.95
*	     618	     765	227.06258	8.00902e-18	186		0.95
*	    3645	    4180	226.46873	9.32601e-18	134		0.87
*	    2139	    2297	225.40470	1.14248e-17	183		0.95
*	     161	     334	225.57733	1.14248e-17	159		0.92
*	    1651	    1763	225.23237	1.20195e-17	150		0.90
*	    4220	    4231	223.89486	1.6297e-17	150		0.90
*	    1666	    1686	223.48301	1.71452e-17	140		0.88
*	    4759	    4771	222.35338	2.20964e-17	144		0.89
*	      50	     851	222.04987	2.32464e-17	131		0.86
*	    4496	    4549	221.95525	2.44563e-17	144		0.89
*	      51	     850	220.57821	3.15182e-17	153		0.91
*	    5162	    5206	219.66937	3.86096e-17	144		0.89
*	    2895	    2913	218.38912	5.23466e-17	150		0.90
*	    2140	    2296	217.98763	5.50706e-17	185		0.95
*	     685	     702	217.22619	6.41229e-17	150		0.90
*	    1798	    1882	216.82312	7.097e-17	143		0.89
*	    4847	    5009	215.87947	8.69349e-17	167		0.93
*	    4487	    4593	213.25731	1.51882e-16	182		0.95
*	    3035	    3055	213.19166	1.51882e-16	143		0.89
*	    3217	    3235	212.37964	1.86043e-16	155		0.91
*	    3684	    3699	211.86848	2.05904e-16	161		0.92
*	    1632	    2873	210.75826	2.52212e-16	147		0.90
*	     424	     452	210.96025	2.52212e-16	125		0.85
*	    4264	    4651	210.04255	2.93657e-16	160		0.92
*	    4674	    4697	209.80855	3.08933e-16	158		0.92
*	     683	     703	209.51864	3.4191e-16	165		0.93
*	    1935	    1942	209.08024	3.59695e-16	140		0.88
*	    1951	    2059	208.01298	4.63498e-16	126		0.85
*	    3210	    3387	207.63534	4.87607e-16	157		0.92
*	    4217	    4234	207.42254	5.1297e-16	185		0.95
*	    3038	    3053	207.45902	5.1297e-16	135		0.87
*	    3516	    4196	206.88083	5.9725e-16	114		0.82
*	    1817	    1831	206.20778	6.60994e-16	148		0.90
*	    1819	    1829	205.51132	7.69587e-16	156		0.91
*	    1818	    1830	205.07633	8.5172e-16	189		0.96
*	    2894	    2914	204.69076	9.42616e-16	158		0.92
*	     818	     829	203.47993	1.21458e-15	131		0.86
*	    5174	    5191	202.77441	1.41409e-15	151		0.91
*	     952	    1607	202.12022	1.56499e-15	122		0.84
*	    3518	    4194	202.07129	1.64637e-15	152		0.91
*	    1853	    1864	201.48800	1.82204e-15	192		0.96
*	    1966	    2043	201.28321	1.91679e-15	199		0.97
*	    1646	    1767	200.60962	2.23161e-15	164		0.93
*	    1851	    1866	198.98163	3.02483e-15	183		0.95
*	    4332	    4348	198.77318	3.1821e-15	163		0.93
*	    4497	    4548	198.30351	3.52159e-15	118		0.83
*	     162	     332	198.42947	3.52159e-15	123		0.84
*	    2897	    2911	196.93197	4.77317e-15	147		0.90
*	    1934	    1943	196.99887	4.77317e-15	165		0.93
*	    5134	    5219	196.04522	5.84584e-15	137		0.88
*	    2312	    2788	195.93184	5.84584e-15	125		0.85
*	     466	     480	194.55171	7.92317e-15	140		0.88
*	    1848	    1868	194.35748	8.33502e-15	146		0.90
*	    1643	    1770	194.40441	8.33502e-15	182		0.95
*	    2118	    2309	193.51875	9.7035e-15	158		0.92
*	    4865	    4888	192.84220	1.12966e-14	142		0.89
*	    4965	    4986	192.62181	1.18837e-14	149		0.90
*	    2078	    2085	192.63852	1.18837e-14	168		0.93
*	     687	     701	192.68977	1.18837e-14	152		0.91
*	    5138	    5150	192.40595	1.25014e-14	100		0.77
*	    2928	    3479	192.32613	1.25014e-14	116		0.82
*	    3644	    4181	192.20756	1.31512e-14	139		0.88
*	     158	     337	191.06929	1.61058e-14	123		0.84
*	    4322	    4355	190.77905	1.78233e-14	132		0.87
*	     678	     731	190.50827	1.87496e-14	154		0.91
*	    4911	    4938	189.55591	2.29616e-14	144		0.89
*	      93	     132	189.25105	2.41548e-14	151		0.91
*	    1967	    2041	188.99542	2.541e-14	190		0.96
*	    4498	    4547	188.85259	2.67305e-14	116		0.82
*	    5177	    5187	188.34391	2.95807e-14	165		0.93
*	    1968	    2040	188.28449	2.95807e-14	160		0.92
*	     617	     766	188.39113	2.95807e-14	149		0.90
*	     159	     336	188.22684	2.95807e-14	146		0.90
*	    4727	    4780	187.79519	3.27347e-14	103		0.78
*	    1933	    1944	187.77605	3.27347e-14	136		0.88
*	    2898	    2910	187.23807	3.62249e-14	138		0.88
*	    2943	    2966	187.01067	3.81071e-14	170		0.94
*	      53	     848	185.96011	4.90904e-14	151		0.91
*	      94	     131	185.39025	5.43239e-14	151		0.91
*	    4336	    4343	184.65465	6.32382e-14	175		0.94
*	    2314	    2785	183.09365	9.01452e-14	123		0.84
*	    1648	    1766	182.94827	9.01452e-14	179		0.95
*	     342	     409	182.57270	9.97537e-14	129		0.86
*	     346	     406	182.63312	9.97537e-14	123		0.84
*	    2316	    2783	181.46713	1.22151e-13	157		0.92
*	     783	     806	181.49681	1.22151e-13	150		0.90
*	    1953	    2057	181.44728	1.28496e-13	128		0.86
*	    3216	    3236	180.86240	1.42191e-13	131		0.86
*	    5139	    5149	179.43290	1.92668e-13	145		0.89
*	    3209	    3388	179.37876	1.92668e-13	154		0.91
*	    3218	    3234	179.38103	1.92668e-13	138		0.88
*	    1649	    1765	179.09856	2.02674e-13	136		0.88
*	    1805	    1875	178.43178	2.35918e-13	135		0.87
*	    2072	    2092	178.21979	2.4817e-13	167		0.93
*	    2137	    2298	178.07985	2.61057e-13	135		0.87
*	    1786	    1907	176.40028	3.72077e-13	119		0.83
*	    4581	    4590	176.06724	3.91396e-13	121		0.84
*	    4218	    4233	176.11219	3.91396e-13	168		0.93
*	    4848	    5008	175.69351	4.33096e-13	122		0.84
*	      54	     847	174.93184	5.04117e-13	150		0.90
*	    1988	    2021	174.35796	5.57821e-13	122		0.84
*	       6	    5235	173.82481	6.17244e-13	123		0.84
*	    4301	    4378	173.21224	7.1845e-13	171		0.94
*	    3247	    3320	173.14186	7.1845e-13	123		0.84
*	    3248	    3319	172.89658	7.55746e-13	167		0.93
*	     103	     117	172.92989	7.55746e-13	162		0.92
*	    4242	    4833	172.28257	8.79653e-13	142		0.89
*	    3059	    3451	172.02544	9.25314e-13	131		0.86
*	    5133	    5220	170.07822	1.38707e-12	130		0.86
*	    4506	    4518	169.81384	1.45906e-12	114		0.82
*	    4331	    4349	169.85176	1.45906e-12	103		0.78
*	    4243	    4832	169.27838	1.61443e-12	114		0.82
*	     957	    1602	168.69711	1.87905e-12	102		0.78
*	    2941	    2968	168.38219	1.97656e-12	84		0.70
~	    4536	    4595	208.86483	2.02115e-12	132		0.87
*	    4894	    4953	167.83007	2.18702e-12	115		0.82
*	    4408	    4418	167.27623	2.54545e-12	104		0.78
*	     671	     737	167.18863	2.54545e-12	168		0.93
*	    4917	    4929	166.64157	2.81646e-12	157		0.92
*	    3066	    3442	166.70169	2.81646e-12	156		0.91
*	    3070	    3441	166.73664	2.81646e-12	152		0.91
*	    1629	    2876	166.63702	2.81646e-12	124		0.85
*	    1667	    1685	166.61845	2.81646e-12	138		0.88
*	      27	     935	166.73752	2.81646e-12	124		0.85
*	     160	     335	166.43814	2.96259e-12	103		0.78
*	    1804	    1876	166.13205	3.11631e-12	129		0.86
*	      49	     852	166.23493	3.11631e-12	120		0.83
*	    4857	    4997	165.44024	3.62696e-12	147		0.90
*	    3268	    3297	165.49855	3.62696e-12	129		0.86
*	    2828	    2837	165.11354	4.01306e-12	133		0.87
*	      95	     130	165.03644	4.01306e-12	68		0.61
*	    3269	    3296	164.86036	4.22126e-12	123		0.84
*	     340	     413	164.61936	4.44025e-12	121		0.84
*	    3060	    3450	164.36057	4.6706e-12	122		0.84
*	    2188	    2242	164.31539	4.6706e-12	113		0.81
*	    4673	    4698	163.80556	5.16775e-12	116		0.82
*	    3730	    4088	163.62751	5.43582e-12	122		0.84
*	    5176	    5188	163.14719	6.01439e-12	146		0.90
*	    5161	    5208	162.79149	6.32636e-12	95		0.75
*	    4758	    4772	162.95471	6.32636e-12	86		0.71
*	    4919	    4927	162.31418	6.99967e-12	137		0.88
*	    2315	    2784	162.09512	7.36273e-12	166		0.93
*	    3211	    3386	161.33884	8.56879e-12	163		0.93
*	    4582	    4589	160.62270	9.97233e-12	122		0.84
*	    3187	    3420	160.46023	1.04895e-11	113		0.81
*	    5163	    5205	160.12482	1.10335e-11	114		0.82
*	    1816	    1832	160.18073	1.10335e-11	119		0.83
*	     527	     601	159.99567	1.16057e-11	130		0.86
*	    4335	    4344	159.66693	1.22075e-11	171		0.94
*	     782	     807	159.61402	1.28405e-11	151		0.91
*	     679	     730	159.51749	1.28405e-11	178		0.95
*	    3543	    3563	158.64074	1.57182e-11	100		0.77
*	    2822	    2845	158.47455	1.57182e-11	161		0.92
*	    4405	    4420	158.31167	1.65332e-11	151		0.91
*	    2193	    2216	158.08375	1.73904e-11	114		0.82
*	    2000	    2010	157.76974	1.82921e-11	153		0.91
*	     816	     831	157.83693	1.82921e-11	105		0.79
*	     528	     600	157.88697	1.82921e-11	139		0.88
*	     349	     403	157.42387	2.0238e-11	98		0.76
*	    2119	    2308	157.20377	2.12873e-11	164		0.93
*	    3240	    3334	156.80836	2.23909e-11	174		0.94
*	     102	     118	156.85708	2.23909e-11	126		0.85
*	    4333	    4346	156.34581	2.47726e-11	161		0.92
*	    4219	    4232	156.37383	2.47726e-11	90		0.73
*	    4290	    4389	155.32864	3.03227e-11	176		0.94
*	    4409	    4417	154.98835	3.35478e-11	92		0.74
*	    1965	    2044	155.04498	3.35478e-11	133		0.87
*	    1852	    1865	155.06646	3.35478e-11	169		0.93
*	      28	     933	154.86270	3.35478e-11	114		0.82
*	    4398	    4424	154.49038	3.71156e-11	154		0.91
*	    3748	    4073	154.46434	3.71156e-11	144		0.89
*	    3676	    3708	154.12169	3.90394e-11	61		0.57
*	    3648	    4177	152.75675	5.28649e-11	127		0.85
*	     350	     402	152.69450	5.28649e-11	74		0.65
*	     344	     407	152.31996	5.84859e-11	116		0.82
*	    5140	    5148	152.09969	6.15166e-11	86		0.71
*	    3061	    3447	151.53874	6.80571e-11	139		0.88
*	    2121	    2307	151.34790	7.15836e-11	80		0.68
*	     425	     451	151.24608	7.15836e-11	119		0.83
*	     714	     726	150.53658	8.3297e-11	125		0.85
*	    1641	    1771	150.49093	8.76127e-11	166		0.93
*	      57	     416	150.26790	9.21518e-11	107		0.79
*	     819	     828	149.71331	1.01948e-10	91		0.73
*	    1820	    1828	149.37464	1.07229e-10	97		0.76
*	    3208	    3390	149.24151	1.12784e-10	160		0.92
*	    3267	    3298	149.23561	1.12784e-10	138		0.88
*	     163	     331	149.21556	1.12784e-10	122		0.84
*	    2829	    2836	148.79830	1.24771e-10	111		0.81
*	    1925	    2795	148.75949	1.24771e-10	97		0.76
*	    2823	    2844	147.33806	1.6893e-10	145		0.89
*	    2318	    2781	147.08894	1.77679e-10	83		0.69
*	     531	     598	146.72758	1.86881e-10	139		0.88
*	    2807	    2858	146.41208	2.06739e-10	140		0.88
*	    3270	    3295	145.92603	2.28706e-10	108		0.80
*	    3570	    3624	145.59857	2.4055e-10	166		0.93
*	    4607	    4628	145.19822	2.66107e-10	140		0.88
*	    3266	    3299	145.04849	2.66107e-10	125		0.85
*	    3743	    4078	144.02319	3.42511e-10	133		0.87
*	     164	     330	143.47201	3.78893e-10	141		0.89
*	    3515	    4197	142.89490	4.19139e-10	130		0.86
*	    2173	    2262	142.24916	4.87657e-10	167		0.93
*	       2	    5238	141.93713	5.12899e-10	137		0.88
*	    3673	    3711	141.88513	5.12899e-10	156		0.91
*	    3569	    3625	141.98842	5.12899e-10	136		0.88
*	      55	     845	142.05965	5.12899e-10	69		0.62
*	    3194	    3407	141.53750	5.67368e-10	110		0.80
*	     953	    1606	141.41030	5.67368e-10	104		0.78
*	    4282	    4434	140.73234	6.60101e-10	140		0.88
*	    3542	    3564	140.79552	6.60101e-10	64		0.59
*	     658	     752	140.80787	6.60101e-10	173		0.94
*	    3520	    4192	140.56314	6.94263e-10	80		0.68
*	     670	     738	140.50178	6.94263e-10	154		0.91
*	    1785	    1908	140.23684	7.30192e-10	83		0.69
*	    3196	    3404	139.11979	9.39709e-10	98		0.76
*	    2990	    3023	138.81189	9.88331e-10	158		0.92
*	    3508	    4201	138.41487	1.09325e-09	94		0.74
*	    2172	    2263	138.13933	1.14981e-09	149		0.90
*	     519	     836	137.45209	1.33766e-09	72		0.64
*	     659	     751	137.39864	1.33766e-09	152		0.91
*	    4296	    4383	136.97106	1.47963e-09	172		0.94
*	    3064	    3445	136.86893	1.47963e-09	161		0.92
*	     488	     509	136.84223	1.47963e-09	115		0.82
*	    5015	    5122	136.43440	1.63666e-09	68		0.61
*	    2942	    2967	136.38880	1.63666e-09	88		0.72
*	     423	     453	136.55985	1.63666e-09	123		0.84
*	    1644	    1769	135.49973	2.00245e-09	169		0.93
*	     427	     449	135.52050	2.00245e-09	124		0.85
*	    3517	    4195	134.96059	2.21493e-09	108		0.80
*	    1698	    1703	134.85944	2.32947e-09	95		0.75
*	    4300	    4379	134.49340	2.44993e-09	174		0.94
*	    2824	    2843	134.59981	2.44993e-09	159		0.92
*	    5175	    5189	134.26397	2.57662e-09	127		0.85
*	    4397	    4425	134.17070	2.70985e-09	104		0.78
*	    1801	    1879	133.72589	2.84997e-09	75		0.65
*	    3672	    3712	133.49318	2.99733e-09	102		0.78
*	    3065	    3443	133.68809	2.99733e-09	165		0.93
*	    5016	    5121	133.39546	3.1523e-09	67		0.61
*	    1926	    2794	133.39898	3.1523e-09	88		0.72
*	    2313	    2787	132.66357	3.66693e-09	144		0.89
*	      26	     936	132.27205	4.05586e-09	145		0.89
*	     341	     411	132.23556	4.05586e-09	110		0.80
*	    4407	    4419	132.02885	4.26552e-09	81		0.68
*	    2001	    2009	132.00136	4.26552e-09	83		0.69
*	     532	     597	131.78880	4.48601e-09	142		0.89
*	    4614	    4623	130.89527	5.21818e-09	107		0.79
*	    4334	    4345	130.81184	5.48788e-09	153		0.91
*	    2074	    2089	130.48109	5.7715e-09	119		0.83
*	    2813	    2851	128.98775	7.80868e-09	143		0.89
*	    1948	    2062	129.10538	7.80868e-09	108		0.80
*	    4266	    4647	128.88303	8.21213e-09	97		0.76
*	    4289	    4390	128.76594	8.21213e-09	162		0.92
*	    3717	    4167	128.41576	9.08262e-09	103		0.78
*	    2916	    3502	128.38107	9.08262e-09	85		0.70
*	    4671	    4700	127.98111	9.55184e-09	76		0.66
*	    4278	    4438	127.79191	1.00453e-08	72		0.64
*	    3646	    4179	127.40249	1.11099e-08	78		0.67
*	    5164	    5204	127.02049	1.16838e-08	99		0.76
*	    1660	    1692	127.18634	1.16838e-08	93		0.74
*	      30	     932	127.16382	1.16838e-08	122		0.84
*	       3	    5237	126.67002	1.29219e-08	113		0.81
*	    1788	    1906	126.54801	1.29219e-08	128		0.86
*	    5137	    5151	126.36094	1.35893e-08	87		0.71
*	    2998	    3013	126.44854	1.35893e-08	76		0.66
*	    3195	    3405	126.12721	1.42911e-08	72		0.64
*	    3347	    3366	125.44508	1.66215e-08	134		0.87
*	    3219	    3233	125.12184	1.74798e-08	117		0.83
*	    2806	    2859	125.27940	1.74798e-08	89		0.72
*	    2317	    2782	125.08486	1.74798e-08	110		0.80
*	    4564	    4571	124.02787	2.24829e-08	47		0.46
*	    4298	    4381	123.97538	2.24829e-08	174		0.94
*	    4959	    4992	123.67425	2.36436e-08	83		0.69
*	    4274	    4443	123.86835	2.36436e-08	126		0.85
*	    1778	    1918	123.84432	2.36436e-08	75		0.65
*	     467	     479	123.51397	2.48642e-08	67		0.61
*	    3256	    3312	123.36371	2.61476e-08	98		0.76
*	    1640	    1772	123.25038	2.61476e-08	71		0.63
*	     667	     740	123.33204	2.61476e-08	149		0.90
*	    5135	    5218	122.99391	2.74973e-08	139		0.88
*	    2927	    3480	121.97279	3.36289e-08	109		0.80
*	    3179	    3429	121.88055	3.53644e-08	130		0.86
*	    4675	    4696	121.65163	3.71894e-08	56		0.53
*	    4613	    4624	120.65426	4.54798e-08	92		0.74
*	    4563	    4572	120.57580	4.54798e-08	72		0.64
*	    4302	    4377	120.42578	4.78262e-08	121		0.84
*	    2997	    3015	120.24349	5.02936e-08	63		0.58
*	    4866	    4887	120.01274	5.28881e-08	93		0.74
*	     689	     700	120.03213	5.28881e-08	144		0.89
*	     610	     775	119.56500	5.56164e-08	123		0.84
*	     668	     739	119.57183	5.56164e-08	159		0.92
*	    4909	    4940	119.52916	5.84853e-08	93		0.74
*	     533	     596	119.31955	6.1502e-08	130		0.86
*	    1665	    1687	118.91282	6.46741e-08	111		0.81
*	    4462	    4484	118.73746	6.80097e-08	84		0.70
*	    3058	    3452	118.47863	7.15172e-08	80		0.68
*	    1964	    2047	118.36055	7.52054e-08	187		0.96
*	     351	     401	118.19407	7.52054e-08	82		0.69
*	    2175	    2260	117.86249	8.31616e-08	150		0.90
*	      68	     137	117.79018	8.31616e-08	62		0.57
*	    3178	    3430	117.41683	8.74497e-08	163		0.93
*	    1950	    2060	117.64110	8.74497e-08	91		0.73
*	    3506	    4203	116.95446	9.66998e-08	87		0.71
*	       1	    5239	116.40966	1.1244e-07	117		0.83
*	      23	     939	116.08074	1.18236e-07	134		0.87
*	    4844	    5012	115.55804	1.30738e-07	62		0.57
*	    3514	    4198	115.54734	1.30738e-07	102		0.78
*	    2809	    2856	115.49732	1.30738e-07	175		0.94
*	      47	     853	115.29218	1.37476e-07	75		0.65
*	     657	     753	114.91322	1.52011e-07	159		0.92
*	    2143	    2293	114.49247	1.68081e-07	77		0.66
*	    1999	    2011	114.44659	1.68081e-07	101		0.77
*	    1989	    2020	114.21090	1.76742e-07	103		0.78
*	    4299	    4380	113.29482	2.16077e-07	178		0.95
*	     616	     767	113.05603	2.27207e-07	112		0.81
*	    3594	    3602	112.52087	2.51216e-07	107		0.79
*	    2981	    3453	112.44295	2.51216e-07	154		0.91
*	    1650	    1764	112.51304	2.51216e-07	146		0.90
*	    4281	    4435	111.62628	3.07102e-07	92		0.74
*	    2069	    2094	111.58725	3.07102e-07	80		0.68
*	    1959	    2055	111.28294	3.22915e-07	130		0.86
*	    2174	    2261	110.67033	3.75404e-07	159		0.92
~	    2977	    3056	151.07310	4.02155e-07	76		0.66
*	    2177	    2257	110.19903	4.15049e-07	143		0.89
*	    2814	    2850	109.60055	4.58875e-07	91		0.73
*	    4251	    4823	109.37416	4.82492e-07	91		0.73
*	    3541	    3565	109.25203	4.82492e-07	142		0.89
*	     784	     805	108.67168	5.60879e-07	116		0.82
*	    3201	    3398	108.52318	5.89738e-07	160		0.92
*	    3348	    3365	108.49189	5.89738e-07	131		0.86
*	    3592	    3604	107.33389	7.20788e-07	76		0.66
*	    2122	    2306	107.36300	7.20788e-07	45		0.45
*	     620	     763	107.19047	7.57864e-07	170		0.94
*	    3037	    3054	107.03629	7.96844e-07	34		0.35
*	    1850	    1867	106.64178	8.37827e-07	121		0.84
*	     959	    1600	106.48071	8.80914e-07	129		0.86
*	    3257	    3311	106.24188	9.26215e-07	141		0.89
*	    2810	    2855	105.92994	9.73841e-07	175		0.94
*	    3215	    3237	105.65750	1.02391e-06	63		0.58
*	    1799	    1881	105.22498	1.1319e-06	69		0.62
*	    4293	    4386	104.06748	1.45428e-06	161		0.92
*	    3593	    3603	103.63959	1.60758e-06	95		0.75
*	    4238	    4837	102.41636	2.06519e-06	54		0.52
*	    3521	    4191	102.38104	2.06519e-06	122		0.84
*	    3199	    3400	102.32099	2.06519e-06	105		0.79
*	    3185	    3422	102.03512	2.28277e-06	26		0.27
*	    3062	    3446	101.69286	2.4e-06	149		0.90
*	    1791	    1904	101.80701	2.4e-06	56		0.53
*	     715	     725	101.52141	2.52325e-06	32		0.33
*	     661	     750	100.95815	2.78901e-06	156		0.91
*	    2165	    2269	100.49462	3.08272e-06	46		0.46
*	    3568	    3626	100.26525	3.24095e-06	62		0.57
*	     788	     801	100.01721	3.4073e-06	68		0.61
*	    5017	    5120	99.85434	3.58217e-06	56		0.53
*	    4858	    4996	99.61168	3.766e-06	55		0.53
*	    3519	    4193	99.59831	3.766e-06	51		0.50
*	    2073	    2090	99.11962	4.16239e-06	102		0.78
*	    4261	    4653	98.78760	4.37594e-06	74		0.65
*	    1790	    1905	98.91240	4.37594e-06	46		0.46
*	    2145	    2292	98.57816	4.60043e-06	72		0.64
*	    4246	    4830	97.99459	5.08449e-06	126		0.85
*	     787	     802	98.10822	5.08449e-06	84		0.70
*	    4856	    4998	97.87915	5.34526e-06	48		0.47
*	    2825	    2842	97.50055	5.61938e-06	187		0.96
*	    2805	    2860	97.20414	6.21044e-06	45		0.45
*	    4297	    4382	96.74195	6.86355e-06	168		0.93
*	      10	    5230	96.06038	7.58521e-06	148		0.90
*	    3629	    3634	96.13775	7.58521e-06	70		0.62
*	    2930	    3477	96.21932	7.58521e-06	138		0.88
*	    1630	    2875	95.12336	9.26364e-06	64		0.59
*	    1990	    2019	95.30892	9.26364e-06	121		0.84
*	    4291	    4388	94.69285	1.02371e-05	153		0.91
*	    3485	    3494	94.81590	1.02371e-05	110		0.80
~	    4537	    4594	135.56391	1.06955e-05	60		0.56
*	    2827	    2838	94.25629	1.13126e-05	150		0.90
*	    5136	    5152	93.94825	1.1892e-05	58		0.55
*	    3246	    3321	93.92970	1.1892e-05	104		0.78
~	     704	     723	134.71344	1.24422e-05	134		0.87
*	    2319	    2780	93.22475	1.38138e-05	45		0.45
*	    3755	    4065	92.70161	1.52642e-05	59		0.55
*	    3186	    3421	92.70231	1.52642e-05	97		0.76
*	    1971	    2037	92.90125	1.52642e-05	138		0.88
*	    3345	    3370	92.43955	1.68665e-05	98		0.76
*	    4893	    4954	92.03372	1.77296e-05	32		0.33
*	      25	     937	92.06598	1.77296e-05	50		0.49
*	    1963	    2048	91.81988	1.86367e-05	176		0.94
*	     786	     803	91.51054	1.95902e-05	110		0.80
*	    1932	    1945	91.26417	2.05923e-05	45		0.45
*	    2070	    2093	90.86276	2.27525e-05	45		0.45
*	    3544	    3562	90.44168	2.51389e-05	51		0.50
*	    3346	    3368	90.47247	2.51389e-05	122		0.84
*	    3591	    3605	89.88735	2.77749e-05	66		0.60
*	     817	     830	89.89969	2.77749e-05	100		0.77
*	    4864	    4889	89.38618	3.06866e-05	82		0.69
*	    1613	    1628	89.55506	3.06866e-05	73		0.64
~	      75	     115	130.35398	3.242e-05	108		0.80
*	    1633	    2871	88.96750	3.39028e-05	74		0.65
*	    2123	    2305	88.56229	3.74552e-05	42		0.42
*	    1976	    2032	87.08241	5.04987e-05	57		0.54
*	    2171	    2264	86.84018	5.3076e-05	108		0.80
*	     899	     907	86.56780	5.57846e-05	38		0.39
*	     706	     712	86.53659	5.57846e-05	28		0.29
*	    3188	    3419	85.73920	6.47657e-05	70		0.62
*	    4244	    4831	85.62774	6.8069e-05	86		0.71
*	    3643	    4182	85.59417	6.8069e-05	55		0.53
*	    3674	    3710	85.62068	6.8069e-05	30		0.31
*	    4295	    4384	85.42288	7.15404e-05	130		0.86
*	    4867	    4886	85.14449	7.51882e-05	58		0.55
*	    4605	    4630	85.12795	7.51882e-05	52		0.50
~	     825	    4617	125.77741	8.44198e-05	105		0.79
~	    4307	    4366	125.73284	8.44198e-05	122		0.84
*	    4330	    4350	84.45810	8.72828e-05	118		0.83
*	    1717	    1731	84.23902	9.17308e-05	29		0.30
*	    5167	    5200	83.47914	0.000106477	41		0.41
*	      97	     128	83.22258	0.0001119	38		0.39
*	    2187	    2243	81.98193	0.000143435	50		0.49
*	    4724	    4783	81.69990	0.000150733	95		0.75
*	    1969	    2039	81.87866	0.000150733	57		0.54
*	    3749	    4072	81.04530	0.000174925	120		0.83
*	     489	     508	81.15002	0.000174925	144		0.89
*	    4503	    4521	80.84525	0.00018382	63		0.58
*	    3193	    3408	80.39567	0.000202985	50		0.49
*	    3719	    4165	79.95840	0.000224141	40		0.41
*	    3207	    3391	79.57168	0.000235529	111		0.81
*	    2223	    2238	79.71087	0.000235529	49		0.48
*	      39	     886	79.33629	0.000247493	34		0.35
*	    1985	    2024	79.11944	0.000260063	141		0.89
*	    3071	    3440	78.83029	0.000273268	145		0.89
~	    2945	    2963	119.34822	0.000312383	151		0.91
~	    2945	    2955	119.34822	0.000312383	151		0.91
*	    2130	    2299	78.12330	0.00031703	59		0.55
*	    1639	    1773	78.16653	0.00031703	39		0.40
*	     900	     906	77.87546	0.000333116	43		0.43
*	    1809	    1840	77.59260	0.000350015	22		0.23
*	     677	     732	77.43139	0.000367768	73		0.64
*	    3746	    4075	77.11000	0.000386418	65		0.59
*	    3200	    3399	77.28866	0.000386418	94		0.74
*	     672	     736	77.19694	0.000386418	54		0.52
*	       9	    5231	77.01797	0.000406009	57		0.54
*	    4485	    4637	77.02324	0.000406009	34		0.35
*	    3754	    4066	77.05717	0.000406009	26		0.27
*	    4958	    4993	76.39115	0.000448209	169		0.93
*	    3731	    4087	76.34366	0.00047092	29		0.30
*	      92	     133	75.93617	0.000494776	24		0.25
*	    3214	    3238	75.76728	0.000519835	75		0.65
~	    1902	    4266	116.72688	0.000543124	90		0.73
*	    5170	    5195	75.47295	0.000546157	111		0.81
*	    2929	    3478	75.20020	0.000573807	18		0.18
*	    4681	    4690	75.09497	0.000602849	40		0.41
*	    3271	    3294	74.82845	0.000633355	64		0.59
~	    1902	    4647	115.56059	0.000698302	97		0.76
*	    4316	    4372	74.44468	0.000699053	38		0.39
*	    3726	    4094	73.54055	0.000810526	40		0.41
*	      32	     930	73.52110	0.000810526	36		0.37
*	    4896	    4951	72.40865	0.00103695	32		0.33
*	     950	    1609	72.04536	0.00114424	21		0.21
*	      56	     844	71.62778	0.00120196	23		0.24
*	    4241	    4834	71.10893	0.00132622	28		0.29
*	    4720	    4791	71.32732	0.00132622	40		0.41
*	    5166	    5201	70.95810	0.00139306	136		0.88
*	    3647	    4178	71.01487	0.00139306	101		0.77
*	    4315	    4373	70.16235	0.00161434	31		0.32
~	    1894	    1902	111.20571	0.00172476	96		0.75
*	    3650	    4173	69.68089	0.00178094	36		0.37
*	    3278	    3284	69.42896	0.00187053	26		0.27
*	     484	     841	69.61577	0.00187053	44		0.44
*	    1846	    1869	68.95766	0.00206338	46		0.46
*	     665	     744	69.04167	0.00206338	152		0.91
*	    4736	    4749	68.82818	0.00216709	35		0.36
~	    1894	    4647	110.06589	0.00221687	103		0.78
*	    4583	    4588	68.36700	0.0023903	28		0.29
*	    2944	    2965	68.45183	0.0023903	37		0.38
~	      80	     105	109.37089	0.0025771	114		0.82
*	     960	    1599	67.60097	0.00276861	188		0.96
*	      98	     127	67.49505	0.00290748	84		0.70
~	    1894	    4266	108.38176	0.00314992	96		0.75
*	    3566	    3628	66.83975	0.0032063	97		0.76
*	    4862	    4891	66.39470	0.00353559	60		0.56
*	    4802	    4816	66.17911	0.0037126	32		0.33
*	    1645	    1768	66.23989	0.0037126	67		0.61
*	     874	     879	66.26254	0.0037126	30		0.31
*	    1987	    2022	65.98272	0.00389841	74		0.65
*	    4915	    4931	65.66667	0.00409343	24		0.25
*	    4403	    4422	65.52224	0.00429814	144		0.89
*	    2885	    4205	65.27154	0.00451299	133		0.87
*	    4501	    4528	64.98409	0.00473848	32		0.33
 	     480	     830	105.94609	0.0052015	145		0.89
*	    3249	    3318	63.46262	0.006346	152		0.91
~	    4305	    4341	105.05842	0.00635654	90		0.73
*	    4239	    4836	63.18782	0.00666209	36		0.37
*	     485	     512	62.86569	0.00734177	16		0.16
*	    4449	    4461	62.60379	0.00770692	51		0.50
*	    2877	    4211	62.59668	0.00770692	23		0.24
*	    3184	    3423	62.61964	0.00770692	137		0.88
~	    4305	    4338	104.17190	0.00776765	94		0.74
*	    4101	    4113	61.76361	0.00891366	20		0.20
*	    3550	    3555	61.55999	0.00935605	32		0.33
~	    4338	    4341	103.13843	0.00949147	92		0.74
*	     662	     749	61.30884	0.00982014	135		0.87
*	    4292	    4387	60.63734	0.0113533	138		0.88
*	    3651	    4172	60.60766	0.0113533	34		0.35
*	    2176	    2259	60.72357	0.0113533	110		0.80
*	    4404	    4421	60.38357	0.0119151	170		0.94
 	     466	     830	101.34148	0.0134772	143		0.89
*	    4608	    4627	59.73136	0.0137706	17		0.17
*	    1983	    2026	59.61622	0.0137706	20		0.20
~	    2225	    2226	101.20728	0.0141692	96		0.75
*	    2991	    3021	59.57780	0.0144504	49		0.48
*	    3722	    4096	59.28815	0.0151632	28		0.29
*	     526	     602	59.26493	0.0151632	17		0.17
*	      66	     139	59.33031	0.0151632	26		0.27
*	    3265	    3300	58.66440	0.0166944	97		0.76
*	    1887	    1897	58.40454	0.0175161	104		0.78
*	    1889	    1895	58.25017	0.0183777	69		0.62
*	    3686	    3697	57.80964	0.0202279	49		0.48
*	    1954	    2056	57.81500	0.0202279	166		0.93
~	    3661	    4798	99.12730	0.0222323	65		0.59
*	    2980	    3454	57.16469	0.0233516	28		0.29
*	    3736	    4084	56.23090	0.0269481	32		0.33
*	    1634	    2870	56.25988	0.0269481	20		0.20
*	    1984	    2025	56.22785	0.0269481	38		0.39
*	     486	     511	55.79701	0.0296421	14		0.13
*	    3467	    3474	55.62828	0.0310863	22		0.23
*	    2117	    2310	55.62145	0.0310863	33		0.34
*	    3677	    3707	55.23792	0.0341845	20		0.20
*	       8	    5232	54.85889	0.035845	12		0.11
*	    4284	    4432	53.54997	0.0475918	15		0.14

# The given structure
# SS_cons {{{--{{{{{,,,,,,,,,,,{{{{{{{-{{{-----{{{,,,,{{{-{{{{{{{{[[,,
#
# SS_cons ,,,(-(((<<<___________>>>,,,,,,<<<<<<<--<<<_____________>>>-
#
# SS_cons ------>>>>>>>,,,)))-),,,<<<_______>>><<<<<<<________________
#
# SS_cons ____________________________________________________________
#
# SS_cons ____________________________________________________________
#
# SS_cons _____________________________>>>->>>>,,<<<-<-<--<<<<________
#
# SS_cons _______________________________________>>>>-->>->->->,]],,,,
#
# SS_cons ,<<<<<<------<<____>>------->>>>>->,,,,,,,,,,<<___________>>
#
# SS_cons ,,,{<<<<<-----<<_____>>---->>>>>,,,,[[[[,,,,<<<<--<<<_______
#
# SS_cons _______________________________________________________>>>->
#
# SS_cons >>>,,,,,,((-(--(((((----------------------------------(((((-
#
# SS_cons ((--(-((-(((----(((,,,<-<-<-<-<_______>>>>>,,<_____>,<<<____
#
# SS_cons ___>>>,,,)))---)))))---)----)))))))-------)))))-----))),,,,,
#
# SS_cons ,<<<<<<<<<________>>>>>>>>>,,,,,,,<<<<<________>>>>>,,]]]],,
#
# SS_cons },,}}-}}}}}}}-}},,,,,,,,,,,,,,,,<<____>>,,,,}},,,,,,,,,,<<<<
#
# SS_cons _____>>>>,,,,,,,,,,,,,}------}}}}-}}}}}},,,,,,,{,<<<<<<<<<<<
#
# SS_cons ____________________________________________________________
#
# SS_cons ____________________________________________________________
#
# SS_cons ____________________________________________________________
#
# SS_cons ____________________________________________________________
#
# SS_cons ____________________________________________________________
#
# SS_cons ____________________________________________________________
#
# SS_cons ____________________________________________________________
#
# SS_cons ____________________________________________________________
#
# SS_cons ____________________________________________________________
#
# SS_cons ____________________________________________________________
#
# SS_cons ______________________________________>>>>>>>>>>>,,,<<<<____
#
# SS_cons ____>>>>{{{{{{,,,,(((-((((-((((((,,,,,<<<<--<<<_____________
#
# SS_cons ____>>>-->>>>,,,<<____>>,,,,,,,,,<<<<<___________>>>>>,,,,,,
#
# SS_cons ,,,,,,,,,,,,,,,,,,,,))))))))))))),,,[[-[---[[[-[-[[,,,((((((
#
# SS_cons ((((((,<<<<---<<<<<<<_____>>>>>>>---->>>>,,,<<-<-<<<<<______
#
# SS_cons __>>>>>>>>,,)-))))))))))),<<<_____>>>,,,,,,]]]]]]------]-]],
#
# SS_cons ,[[[[[[,,,,<<<<<____>>>>>,<<<<<<<<----<--<<<<<<<<<<----<<<--
#
# SS_cons --<<<-<<<<----<<-<<<<<_____>>>>>->>--->>>>->>>-->>->---->>>>
#
# SS_cons >->>-->>>----->>>>>>>>->,,,<<<-<<<<<<<______>>>>>>->>>>,,,,,
#
# SS_cons <<<______>>>,,,((((-(((---(-((------(-(((((-(---------------
#
# SS_cons ----(((-((((((((((-------(((((,<<<--<<<_________>>>--->>><__
#
# SS_cons _><---<<______>>->,)))))-----------))-)))))))))))-----------
#
# SS_cons -----------))))))))))---)))))))<<<<<<<<_____________________
#
# SS_cons ____________________________________________________________
#
# SS_cons ____________________________________________________________
#
# SS_cons ____________________________________________________________
#
# SS_cons ____________________________________________________________
#
# SS_cons ____________________________________________________________
#
# SS_cons ____________________________________________________________
#
# SS_cons ____________________________________________________________
#
# SS_cons ___________________>>>>>>->>,,,,]]]]-]],<-<-<<<<<<-<<<------
#
# SS_cons <<<<<-<<<______>>>--->>>>>--->>>-->>>>>>>-->,,,,,}}-}}}}{{--
#
# SS_cons ----{{,,,,,,,<<<<<<_________>>>>>>{{{{,,,,,,,,{{{{,,{{,,,<<-
#
# SS_cons <<<<----------<<_____>>->>>>->>,,,,,,[[[[,,<<---<<<--<-<<<__
#
# SS_cons ____________>->>-->->->>---->>,,,,<-<<<<__________>>>>>,,(((
#
# SS_cons ((-(((---(((------------------------------------------------
#
# SS_cons ---------------------------------------------------------((-
#
# SS_cons ---((((((---((((--(((-----(((((,,<<<<<<_____________>>>>>>,<
#
# SS_cons <----<<<<-----<<<-------<<<<<<<-----<<_____>>-------->>>>>>>
#
# SS_cons ---------->>>---->>>>----------->>,,<<------<<<<<___________
#
# SS_cons ___>>>->->----->->,,,,,,,)))-))------)))---))-))---------)))
#
# SS_cons )))-----))--------)))))-)))--)))]]]],,}},,,,,<<______>>,}}}}
#
# SS_cons ,<<<<________>>>>,,}}}},,{{{{----{{{{{{{{-{{{,,,,,,,,,,,,,,,
#
# SS_cons <<<<<---<<____>>---->>>>><<<<<<----------------<<-<<<<______
#
# SS_cons _>>>>>>--------------->>>>>><____>,,,,,,,,[[[[[[[[[,,<<<____
#
# SS_cons _____>>>,,<<<<<<<<<---<<<<__________>>>>-->-->>>>>>>>,,((((,
#
# SS_cons <<<--<<<<<<<--<<<----<<-<<<<<<<--<<_________________________
#
# SS_cons ____________________________________________________________
#
# SS_cons ____________________________________________________________
#
# SS_cons ____________________________________________________________
#
# SS_cons ____________________________________________________________
#
# SS_cons ____________________________________________>>--->>>>>>>->>-
#
# SS_cons -->>>>>>>>-->>>>><<<<<<_______>>>>>><____>,,,,,<---------<<<
#
# SS_cons <<<_____>>>>>>>,,,,,,,,,)))),,,]]--]]]]]]],,,,}}}-}}}}}}}}-}
#
# SS_cons }}}}}----}}},,,,<<<<<________>>>>>,,{{{{{{{{-{{{-{{,,,,,,{{{
#
# SS_cons {-{{{{{{{,((((---(((((((,,<<<<<<<<<<<<<<<<<<---------<<<<<--
#
# SS_cons <<<------<<<<<<<<____>>>>>->>>--->>>------------->>>>>>>>>>>
#
# SS_cons >>>>>>>>>>>>,,,<<<----<<<-<<<_______>>>>>>->>>,,,,,)))))))--
#
# SS_cons --)))),,<<<<_____>>>><<<<<<___________>>>>>>{,[[,,,,,((((((<
#
# SS_cons <-<<<<<<_______>>>>>>------>><<______>>,,,,,,)))))),,,,<<<<<
#
# SS_cons <<<<______>>>>>>>>>,<<<____>>>,]],,,,,,,,,,<<<<<<<--<<______
#
# SS_cons __>>>>>>>>>,,,,,},,,,,,}}}}}--}}}}}},,,,,,,,<<<-<<<<<<<<---<
#
# SS_cons <________>>--->>>>>>>-->>>>,,,,,,,,,,(((((((((((,,<<-<<<<<<_
#
# SS_cons _____>>>>>>--->>,<<<<<_____>>>>>,,,,,,)))))--)--))))-),,,,,<
#
# SS_cons <<<<<<____>>>->>>>,,,,}-}--}}}}}}}}}}},,,,,(((((((-(---((((,
#
# SS_cons ,<<<<<<<________________>>>>>>><<<<<<---<<<-----<<<<<<<<<<<_
#
# SS_cons ______>>>>>>--->>>>>---->>>-->>>>>>,,<<<----<<<<<___________
#
# SS_cons _>>>>>---->>>,))))------)))))))),,<<<_______________________
#
# SS_cons ____________________________________________________________
#
# SS_cons ___________________>>>,,,,,(---((((<<<<<_______>>>>>,,,,<<<<
#
# SS_cons <<<<<<<--<--<<<<<_________>>>->>-->---->>>->>>->>->>>,,,,)))
#
# SS_cons )---),,,,}}}}-}-}}}::
#

# The given structure

# Power analysis of given structure 
#
# covary  left_pos      right_pos    substitutions      power
#----------------------------------------------------------------
     *    1		5239		117		0.83
     *    2		5238		137		0.88
     *    3		5237		113		0.81
     *    6		5235		123		0.84
          7		5233		10		0.08
     *    8		5232		12		0.11
     *    9		5231		57		0.54
     *    10		5230		148		0.90
          22		940		40		0.41
     *    23		939		134		0.87
          24		938		23		0.24
     *    25		937		50		0.49
     *    26		936		145		0.89
     *    27		935		124		0.85
     *    28		933		114		0.82
     *    30		932		122		0.84
          31		931		24		0.25
     *    32		930		36		0.37
          38		923		16		0.16
     *    39		886		34		0.35
          40		885		4		0.00
          45		856		2		0.00
          46		855		0		0.00
     *    47		853		75		0.65
     *    49		852		120		0.83
     *    50		851		131		0.86
     *    51		850		153		0.91
     *    52		849		177		0.94
     *    53		848		151		0.91
     *    54		847		150		0.90
     *    55		845		69		0.62
     *    56		844		23		0.24
     *    57		416		107		0.79
          58		415		6		0.03
          64		141		6		0.03
     *    66		139		26		0.27
          67		138		1		0.00
     *    68		137		62		0.57
          69		85		5		0.01
          70		84		0		0.00
          71		83		58		0.55
     *    92		133		24		0.25
     *    93		132		151		0.91
     *    94		131		151		0.91
     *    95		130		68		0.61
          96		129		4		0.00
     *    97		128		38		0.39
     *    98		127		84		0.70
          101		119		11		0.09
     *    102		118		126		0.85
     *    103		117		162		0.92
          145		157		36		0.37
          146		156		16		0.16
          147		155		6		0.03
     *    158		337		123		0.84
     *    159		336		146		0.90
     *    160		335		103		0.78
     *    161		334		159		0.92
     *    162		332		123		0.84
     *    163		331		122		0.84
     *    164		330		141		0.89
     *    340		413		121		0.84
     *    341		411		110		0.80
     *    342		409		129		0.86
     *    344		407		116		0.82
     *    346		406		123		0.84
     *    349		403		98		0.76
     *    350		402		74		0.65
     *    351		401		82		0.69
          352		400		18		0.18
          422		455		18		0.18
     *    423		453		123		0.84
     *    424		452		125		0.85
     *    425		451		119		0.83
          426		450		28		0.29
     *    427		449		124		0.85
          434		441		2		0.00
          435		440		1		0.00
     *    466		480		140		0.88
     *    467		479		67		0.61
     *    484		841		44		0.44
     *    485		512		16		0.16
     *    486		511		14		0.13
          487		510		24		0.25
     *    488		509		115		0.82
     *    489		508		144		0.89
          495		503		0		0.00
          496		502		87		0.71
          517		838		13		0.12
          518		837		0		0.00
     *    519		836		72		0.64
          520		835		4		0.00
          525		603		0		0.00
     *    526		602		17		0.17
     *    527		601		130		0.86
     *    528		600		139		0.88
     *    531		598		139		0.88
     *    532		597		142		0.89
     *    533		596		130		0.86
     *    610		775		123		0.84
          611		774		28		0.29
          613		773		26		0.27
     *    616		767		112		0.81
     *    617		766		149		0.90
     *    618		765		186		0.95
     *    619		764		182		0.95
     *    620		763		170		0.94
          655		755		168		0.93
          656		754		145		0.89
     *    657		753		159		0.92
     *    658		752		173		0.94
     *    659		751		152		0.91
     *    661		750		156		0.91
     *    662		749		135		0.87
     *    665		744		152		0.91
     *    667		740		149		0.90
     *    668		739		159		0.92
     *    670		738		154		0.91
     *    671		737		168		0.93
     *    672		736		54		0.52
     *    677		732		73		0.64
     *    678		731		154		0.91
     *    679		730		178		0.95
     *    683		703		165		0.93
     *    685		702		150		0.90
     *    687		701		152		0.91
     *    689		700		144		0.89
          691		699		97		0.76
     *    706		712		28		0.29
     *    714		726		125		0.85
     *    715		725		32		0.33
          716		724		0		0.00
     *    782		807		151		0.91
     *    783		806		150		0.90
     *    784		805		116		0.82
          785		804		16		0.16
     *    786		803		110		0.80
     *    787		802		84		0.70
     *    788		801		68		0.61
          789		800		122		0.84
          790		799		19		0.19
          815		832		84		0.70
     *    816		831		105		0.79
     *    817		830		100		0.77
     *    818		829		131		0.86
     *    819		828		91		0.73
          873		880		18		0.18
     *    874		879		30		0.31
          897		909		10		0.08
          898		908		10		0.08
     *    899		907		38		0.39
     *    900		906		43		0.43
          948		4212		48		0.47
     *    950		1609		21		0.21
          951		1608		23		0.24
     *    952		1607		122		0.84
     *    953		1606		104		0.78
          954		1605		46		0.46
          955		1604		18		0.18
          956		1603		26		0.27
     *    957		1602		102		0.78
     *    958		1601		180		0.95
     *    959		1600		129		0.86
     *    960		1599		188		0.96
     *    1613		1628		73		0.64
          1614		1627		2		0.00
          1615		1626		39		0.40
          1616		1625		0		0.00
     *    1629		2876		124		0.85
     *    1630		2875		64		0.59
          1631		2874		6		0.03
     *    1632		2873		147		0.90
     *    1633		2871		74		0.65
     *    1634		2870		20		0.20
     *    1639		1773		39		0.40
     *    1640		1772		71		0.63
     *    1641		1771		166		0.93
     *    1643		1770		182		0.95
     *    1644		1769		169		0.93
     *    1645		1768		67		0.61
     *    1646		1767		164		0.93
     *    1648		1766		179		0.95
     *    1649		1765		136		0.88
     *    1650		1764		146		0.90
     *    1651		1763		150		0.90
          1652		1762		4		0.00
          1653		1761		2		0.00
          1659		1693		2		0.00
     *    1660		1692		93		0.74
          1661		1691		25		0.26
          1662		1690		4		0.00
     *    1665		1687		111		0.81
     *    1666		1686		140		0.88
     *    1667		1685		138		0.88
          1697		1704		0		0.00
     *    1698		1703		95		0.75
          1714		1734		7		0.04
          1715		1733		2		0.00
          1716		1732		6		0.03
     *    1717		1731		29		0.30
          1718		1730		39		0.40
          1777		1919		0		0.00
     *    1778		1918		75		0.65
          1780		1916		0		0.00
          1784		1909		2		0.00
     *    1785		1908		83		0.69
     *    1786		1907		119		0.83
     *    1788		1906		128		0.86
     *    1790		1905		46		0.46
     *    1791		1904		56		0.53
          1795		1885		0		0.00
          1796		1884		13		0.12
          1797		1883		13		0.12
     *    1798		1882		143		0.89
     *    1799		1881		69		0.62
          1800		1880		17		0.17
     *    1801		1879		75		0.65
          1802		1878		4		0.00
          1803		1877		2		0.00
     *    1804		1876		129		0.86
     *    1805		1875		135		0.87
          1806		1873		0		0.00
          1808		1841		5		0.01
     *    1809		1840		22		0.23
     *    1810		1839		168		0.93
          1811		1838		2		0.00
          1815		1833		22		0.23
     *    1816		1832		119		0.83
     *    1817		1831		148		0.90
     *    1818		1830		189		0.96
     *    1819		1829		156		0.91
     *    1820		1828		97		0.76
          1821		1827		45		0.45
          1845		1870		10		0.08
     *    1846		1869		46		0.46
     *    1848		1868		146		0.90
     *    1850		1867		121		0.84
     *    1851		1866		183		0.95
     *    1852		1865		169		0.93
     *    1853		1864		192		0.96
     *    1854		1863		169		0.93
     *    1887		1897		104		0.78
          1888		1896		0		0.00
     *    1889		1895		69		0.62
          1922		2799		4		0.00
          1923		2798		0		0.00
          1924		2796		5		0.01
     *    1925		2795		97		0.76
     *    1926		2794		88		0.72
          1927		2793		0		0.00
     *    1932		1945		45		0.45
     *    1933		1944		136		0.88
     *    1934		1943		165		0.93
     *    1935		1942		140		0.88
          1936		1941		0		0.00
          1947		2064		1		0.00
     *    1948		2062		108		0.80
          1949		2061		18		0.18
     *    1950		2060		91		0.73
     *    1951		2059		126		0.85
     *    1952		2058		180		0.95
     *    1953		2057		128		0.86
     *    1954		2056		166		0.93
     *    1959		2055		130		0.86
          1962		2049		177		0.94
     *    1963		2048		176		0.94
     *    1964		2047		187		0.96
     *    1965		2044		133		0.87
     *    1966		2043		199		0.97
     *    1967		2041		190		0.96
     *    1968		2040		160		0.92
     *    1969		2039		57		0.54
          1970		2038		14		0.13
     *    1971		2037		138		0.88
     *    1976		2032		57		0.54
          1977		2030		14		0.13
          1978		2029		0		0.00
     *    1983		2026		20		0.20
     *    1984		2025		38		0.39
     *    1985		2024		141		0.89
     *    1987		2022		74		0.65
     *    1988		2021		122		0.84
     *    1989		2020		103		0.78
     *    1990		2019		121		0.84
          1995		2015		48		0.47
          1996		2014		9		0.07
          1998		2012		3		0.00
     *    1999		2011		101		0.77
     *    2000		2010		153		0.91
     *    2001		2009		83		0.69
          2002		2008		164		0.93
          2068		2095		24		0.25
     *    2069		2094		80		0.68
     *    2070		2093		45		0.45
     *    2072		2092		167		0.93
     *    2073		2090		102		0.78
     *    2074		2089		119		0.83
          2075		2088		10		0.08
          2076		2087		111		0.81
          2077		2086		16		0.16
     *    2078		2085		168		0.93
          2101		2112		2		0.00
          2102		2111		2		0.00
          2103		2110		5		0.01
          2116		2311		47		0.46
     *    2117		2310		33		0.34
     *    2118		2309		158		0.92
     *    2119		2308		164		0.93
     *    2121		2307		80		0.68
     *    2122		2306		45		0.45
     *    2123		2305		42		0.42
          2127		2301		0		0.00
          2129		2300		0		0.00
     *    2130		2299		59		0.55
     *    2137		2298		135		0.87
     *    2139		2297		183		0.95
     *    2140		2296		185		0.95
     *    2141		2295		149		0.90
     *    2142		2294		175		0.94
     *    2143		2293		77		0.66
     *    2145		2292		72		0.64
     *    2165		2269		46		0.46
          2166		2268		20		0.20
          2167		2267		40		0.41
          2169		2266		5		0.01
          2170		2265		1		0.00
     *    2171		2264		108		0.80
     *    2172		2263		149		0.90
     *    2173		2262		167		0.93
     *    2174		2261		159		0.92
     *    2175		2260		150		0.90
     *    2176		2259		110		0.80
     *    2177		2257		143		0.89
          2178		2256		7		0.04
          2186		2244		59		0.55
     *    2187		2243		50		0.49
     *    2188		2242		113		0.81
          2189		2241		26		0.27
          2190		2240		2		0.00
          2192		2217		0		0.00
     *    2193		2216		114		0.82
          2194		2215		2		0.00
          2197		2211		22		0.23
          2198		2210		1		0.00
          2199		2209		0		0.00
          2218		2222		5		0.01
     *    2223		2238		49		0.48
          2227		2236		2		0.00
          2228		2235		0		0.00
     *    2312		2788		125		0.85
     *    2313		2787		144		0.89
     *    2314		2785		123		0.84
     *    2315		2784		166		0.93
     *    2316		2783		157		0.92
     *    2317		2782		110		0.80
     *    2318		2781		83		0.69
     *    2319		2780		45		0.45
          2801		2864		12		0.11
          2803		2861		2		0.00
     *    2805		2860		45		0.45
     *    2806		2859		89		0.72
     *    2807		2858		140		0.88
     *    2808		2857		188		0.96
     *    2809		2856		175		0.94
     *    2810		2855		175		0.94
          2812		2852		171		0.94
     *    2813		2851		143		0.89
     *    2814		2850		91		0.73
          2821		2846		5		0.01
     *    2822		2845		161		0.92
     *    2823		2844		145		0.89
     *    2824		2843		159		0.92
     *    2825		2842		187		0.96
     *    2827		2838		150		0.90
     *    2828		2837		133		0.87
     *    2829		2836		111		0.81
     *    2877		4211		23		0.24
          2878		4210		8		0.05
     *    2885		4205		133		0.87
          2886		4204		0		0.00
     *    2894		2914		158		0.92
     *    2895		2913		150		0.90
     *    2896		2912		181		0.95
     *    2897		2911		147		0.90
     *    2898		2910		138		0.88
          2899		2909		10		0.08
          2915		3503		30		0.31
     *    2916		3502		85		0.70
          2917		3501		18		0.18
          2918		3500		4		0.00
     *    2927		3480		109		0.80
     *    2928		3479		116		0.82
     *    2929		3478		18		0.18
     *    2930		3477		138		0.88
          2933		3460		18		0.18
          2934		3459		0		0.00
          2938		2971		24		0.25
          2939		2970		6		0.03
     *    2941		2968		84		0.70
     *    2942		2967		88		0.72
     *    2943		2966		170		0.94
     *    2944		2965		37		0.38
     *    2955		2963		142		0.89
          2956		2962		0		0.00
          2978		3456		0		0.00
          2979		3455		10		0.08
     *    2980		3454		28		0.29
     *    2981		3453		154		0.91
          2984		3030		23		0.24
          2985		3029		0		0.00
          2989		3024		35		0.36
     *    2990		3023		158		0.92
     *    2991		3021		49		0.48
          2994		3019		23		0.24
          2996		3016		23		0.24
     *    2997		3015		63		0.58
     *    2998		3013		76		0.66
     *    3035		3055		143		0.89
     *    3037		3054		34		0.35
     *    3038		3053		135		0.87
          3039		3052		20		0.20
          3040		3051		9		0.07
     *    3058		3452		80		0.68
     *    3059		3451		131		0.86
     *    3060		3450		122		0.84
     *    3061		3447		139		0.88
     *    3062		3446		149		0.90
     *    3064		3445		161		0.92
     *    3065		3443		165		0.93
     *    3066		3442		156		0.91
     *    3070		3441		152		0.91
     *    3071		3440		145		0.89
          3072		3439		153		0.91
     *    3178		3430		163		0.93
     *    3179		3429		130		0.86
     *    3184		3423		137		0.88
     *    3185		3422		26		0.27
     *    3186		3421		97		0.76
     *    3187		3420		113		0.81
     *    3188		3419		70		0.62
          3189		3418		141		0.89
     *    3193		3408		50		0.49
     *    3194		3407		110		0.80
     *    3195		3405		72		0.64
     *    3196		3404		98		0.76
     *    3199		3400		105		0.79
     *    3200		3399		94		0.74
     *    3201		3398		160		0.92
     *    3207		3391		111		0.81
     *    3208		3390		160		0.92
     *    3209		3388		154		0.91
     *    3210		3387		157		0.92
     *    3211		3386		163		0.93
     *    3214		3238		75		0.65
     *    3215		3237		63		0.58
     *    3216		3236		131		0.86
     *    3217		3235		155		0.91
     *    3218		3234		138		0.88
     *    3219		3233		117		0.83
     *    3240		3334		174		0.94
          3241		3333		158		0.92
     *    3246		3321		104		0.78
     *    3247		3320		123		0.84
     *    3248		3319		167		0.93
     *    3249		3318		152		0.91
          3255		3313		73		0.64
     *    3256		3312		98		0.76
     *    3257		3311		141		0.89
     *    3265		3300		97		0.76
     *    3266		3299		125		0.85
     *    3267		3298		138		0.88
     *    3268		3297		129		0.86
     *    3269		3296		123		0.84
     *    3270		3295		108		0.80
     *    3271		3294		64		0.59
          3277		3285		11		0.09
     *    3278		3284		26		0.27
          3337		3378		80		0.68
          3338		3376		87		0.71
     *    3345		3370		98		0.76
     *    3346		3368		122		0.84
     *    3347		3366		134		0.87
     *    3348		3365		131		0.86
          3349		3364		106		0.79
          3466		3475		2		0.00
     *    3467		3474		22		0.23
          3482		3497		129		0.86
          3483		3496		12		0.11
     *    3484		3495		190		0.96
     *    3485		3494		110		0.80
     *    3506		4203		87		0.71
          3507		4202		3		0.00
     *    3508		4201		94		0.74
          3509		4200		18		0.18
     *    3514		4198		102		0.78
     *    3515		4197		130		0.86
     *    3516		4196		114		0.82
     *    3517		4195		108		0.80
     *    3518		4194		152		0.91
     *    3519		4193		51		0.50
     *    3520		4192		80		0.68
     *    3521		4191		122		0.84
          3523		4189		1		0.00
          3524		4188		0		0.00
          3525		4187		0		0.00
     *    3541		3565		142		0.89
     *    3542		3564		64		0.59
     *    3543		3563		100		0.77
     *    3544		3562		51		0.50
          3545		3561		11		0.09
          3549		3556		56		0.53
     *    3550		3555		32		0.33
     *    3566		3628		97		0.76
          3567		3627		2		0.00
     *    3568		3626		62		0.57
     *    3569		3625		136		0.88
     *    3570		3624		166		0.93
          3571		3623		155		0.91
          3588		3607		62		0.57
          3589		3606		66		0.60
     *    3591		3605		66		0.60
     *    3592		3604		76		0.66
     *    3593		3603		95		0.75
     *    3594		3602		107		0.79
     *    3629		3634		70		0.62
     *    3643		4182		55		0.53
     *    3644		4181		139		0.88
     *    3645		4180		134		0.87
     *    3646		4179		78		0.67
     *    3647		4178		101		0.77
     *    3648		4177		127		0.85
          3649		4176		81		0.68
     *    3650		4173		36		0.37
     *    3651		4172		34		0.35
          3654		3668		3		0.00
          3655		3667		0		0.00
          3656		3666		6		0.03
          3671		3713		7		0.04
     *    3672		3712		102		0.78
     *    3673		3711		156		0.91
     *    3674		3710		30		0.31
          3675		3709		40		0.41
     *    3676		3708		61		0.57
     *    3677		3707		20		0.20
          3678		3706		0		0.00
          3679		3703		1		0.00
          3683		3700		3		0.00
     *    3684		3699		161		0.92
     *    3685		3698		156		0.91
     *    3686		3697		49		0.48
          3716		4168		26		0.27
     *    3717		4167		103		0.78
          3718		4166		4		0.00
     *    3719		4165		40		0.41
          3721		4097		0		0.00
     *    3722		4096		28		0.29
          3723		4095		2		0.00
     *    3726		4094		40		0.41
          3727		4093		0		0.00
          3728		4090		1		0.00
          3729		4089		12		0.11
     *    3730		4088		122		0.84
     *    3731		4087		29		0.30
          3732		4086		17		0.17
          3735		4085		16		0.16
     *    3736		4084		32		0.33
          3737		4083		2		0.00
          3742		4079		101		0.77
     *    3743		4078		133		0.87
          3745		4076		58		0.55
     *    3746		4075		65		0.59
          3747		4074		113		0.81
     *    3748		4073		144		0.89
     *    3749		4072		120		0.83
          3750		4071		16		0.16
          3751		4070		0		0.00
     *    3754		4066		26		0.27
     *    3755		4065		59		0.55
          4098		4116		4		0.00
          4099		4115		0		0.00
          4100		4114		10		0.08
     *    4101		4113		20		0.20
          4102		4112		2		0.00
          4103		4111		0		0.00
          4117		4122		0		0.00
          4128		4155		2		0.00
          4138		4154		0		0.00
          4139		4153		7		0.04
          4140		4152		2		0.00
          4141		4151		24		0.25
          4142		4150		2		0.00
          4143		4149		7		0.04
     *    4217		4234		185		0.95
     *    4218		4233		168		0.93
     *    4219		4232		90		0.73
     *    4220		4231		150		0.90
          4221		4230		1		0.00
          4237		4838		28		0.29
     *    4238		4837		54		0.52
     *    4239		4836		36		0.37
          4240		4835		61		0.57
     *    4241		4834		28		0.29
     *    4242		4833		142		0.89
     *    4243		4832		114		0.82
     *    4244		4831		86		0.71
     *    4246		4830		126		0.85
          4247		4829		0		0.00
          4248		4828		0		0.00
          4250		4825		52		0.50
     *    4251		4823		91		0.73
          4258		4656		0		0.00
          4259		4655		0		0.00
          4260		4654		35		0.36
     *    4261		4653		74		0.65
          4263		4652		2		0.00
     *    4264		4651		160		0.92
          4265		4648		0		0.00
     *    4266		4647		97		0.76
          4267		4646		0		0.00
          4268		4645		0		0.00
          4269		4644		1		0.00
          4271		4446		0		0.00
          4272		4445		0		0.00
          4273		4444		4		0.00
     *    4274		4443		126		0.85
     *    4278		4438		72		0.64
          4279		4437		60		0.56
          4280		4436		63		0.58
     *    4281		4435		92		0.74
     *    4282		4434		140		0.88
          4283		4433		72		0.64
     *    4284		4432		15		0.14
          4287		4392		0		0.00
          4288		4391		105		0.79
     *    4289		4390		162		0.92
     *    4290		4389		176		0.94
     *    4291		4388		153		0.91
     *    4292		4387		138		0.88
     *    4293		4386		161		0.92
          4294		4385		67		0.61
     *    4295		4384		130		0.86
     *    4296		4383		172		0.94
     *    4297		4382		168		0.93
     *    4298		4381		174		0.94
     *    4299		4380		178		0.95
     *    4300		4379		174		0.94
     *    4301		4378		171		0.94
     *    4302		4377		121		0.84
          4303		4376		12		0.11
          4304		4375		4		0.00
          4314		4374		63		0.58
     *    4315		4373		31		0.32
     *    4316		4372		38		0.39
          4317		4371		28		0.29
          4318		4370		0		0.00
          4321		4356		4		0.00
     *    4322		4355		132		0.87
          4323		4354		17		0.17
     *    4330		4350		118		0.83
     *    4331		4349		103		0.78
     *    4332		4348		163		0.93
     *    4333		4346		161		0.92
     *    4334		4345		153		0.91
     *    4335		4344		171		0.94
     *    4336		4343		175		0.94
          4337		4342		44		0.44
          4396		4426		27		0.28
     *    4397		4425		104		0.78
     *    4398		4424		154		0.91
     *    4403		4422		144		0.89
     *    4404		4421		170		0.94
     *    4405		4420		151		0.91
     *    4407		4419		81		0.68
     *    4408		4418		104		0.78
     *    4409		4417		92		0.74
     *    4449		4461		51		0.50
          4450		4460		6		0.03
          4451		4459		4		0.00
          4452		4458		0		0.00
     *    4462		4484		84		0.70
          4463		4483		0		0.00
          4464		4482		0		0.00
          4465		4481		2		0.00
          4466		4480		4		0.00
          4467		4479		1		0.00
     *    4485		4637		34		0.35
     *    4487		4593		182		0.95
          4488		4592		2		0.00
          4494		4551		4		0.00
          4495		4550		2		0.00
     *    4496		4549		144		0.89
     *    4497		4548		118		0.83
     *    4498		4547		116		0.82
          4499		4546		6		0.03
          4500		4529		8		0.05
     *    4501		4528		32		0.33
     *    4503		4521		63		0.58
     *    4504		4520		163		0.93
     *    4505		4519		169		0.93
     *    4506		4518		114		0.82
          4507		4517		9		0.07
          4508		4516		71		0.63
          4530		4539		46		0.46
          4531		4538		54		0.52
          4556		4579		4		0.00
          4557		4578		4		0.00
          4558		4577		0		0.00
          4559		4576		81		0.68
          4560		4575		42		0.42
          4561		4574		10		0.08
          4562		4573		18		0.18
     *    4563		4572		72		0.64
     *    4564		4571		47		0.46
     *    4581		4590		121		0.84
     *    4582		4589		122		0.84
     *    4583		4588		28		0.29
          4604		4631		19		0.19
     *    4605		4630		52		0.50
          4606		4629		31		0.32
     *    4607		4628		140		0.88
     *    4608		4627		17		0.17
          4609		4626		25		0.26
          4610		4625		25		0.26
     *    4613		4624		92		0.74
     *    4614		4623		107		0.79
          4665		4707		1		0.00
          4666		4706		2		0.00
          4667		4705		0		0.00
          4669		4704		2		0.00
          4670		4701		1		0.00
     *    4671		4700		76		0.66
     *    4672		4699		176		0.94
     *    4673		4698		116		0.82
     *    4674		4697		158		0.92
     *    4675		4696		56		0.53
          4676		4695		5		0.01
          4680		4691		0		0.00
     *    4681		4690		40		0.41
          4718		4794		0		0.00
          4719		4792		0		0.00
     *    4720		4791		40		0.41
          4721		4790		0		0.00
          4722		4789		2		0.00
          4723		4786		10		0.08
     *    4724		4783		95		0.75
          4725		4782		9		0.07
          4726		4781		0		0.00
     *    4727		4780		103		0.78
          4728		4779		8		0.05
          4731		4756		0		0.00
          4732		4755		0		0.00
          4734		4751		4		0.00
          4735		4750		2		0.00
     *    4736		4749		35		0.36
          4737		4748		0		0.00
          4738		4747		18		0.18
          4739		4746		4		0.00
     *    4758		4772		86		0.71
     *    4759		4771		144		0.89
          4760		4770		2		0.00
          4761		4769		8		0.05
          4762		4768		2		0.00
          4800		4818		44		0.44
          4801		4817		10		0.08
     *    4802		4816		32		0.33
          4803		4815		0		0.00
          4804		4813		0		0.00
          4805		4812		0		0.00
          4806		4811		0		0.00
     *    4844		5012		62		0.57
          4845		5011		16		0.16
          4846		5010		10		0.08
     *    4847		5009		167		0.93
     *    4848		5008		122		0.84
     *    4849		5007		187		0.96
          4850		5006		35		0.36
          4852		5005		3		0.00
     *    4856		4998		48		0.47
     *    4857		4997		147		0.90
     *    4858		4996		55		0.53
          4859		4995		53		0.51
     *    4862		4891		60		0.56
          4863		4890		59		0.55
     *    4864		4889		82		0.69
     *    4865		4888		142		0.89
     *    4866		4887		93		0.74
     *    4867		4886		58		0.55
          4868		4885		60		0.56
          4892		4955		24		0.25
     *    4893		4954		32		0.33
     *    4894		4953		115		0.82
     *    4895		4952		179		0.95
     *    4896		4951		32		0.33
          4897		4950		14		0.13
          4901		4947		23		0.24
          4902		4946		81		0.68
          4903		4945		6		0.03
     *    4909		4940		93		0.74
          4910		4939		18		0.18
     *    4911		4938		144		0.89
          4912		4937		5		0.01
          4913		4936		7		0.04
          4914		4932		4		0.00
     *    4915		4931		24		0.25
          4916		4930		20		0.20
     *    4917		4929		157		0.92
     *    4918		4928		184		0.95
     *    4919		4927		137		0.88
     *    4958		4993		169		0.93
     *    4959		4992		83		0.69
          4960		4991		4		0.00
     *    4965		4986		149		0.90
          4966		4985		33		0.34
          4967		4984		53		0.51
          4968		4983		2		0.00
          4969		4982		0		0.00
     *    5015		5122		68		0.61
     *    5016		5121		67		0.61
     *    5017		5120		56		0.53
          5128		5225		115		0.82
          5132		5221		8		0.05
     *    5133		5220		130		0.86
     *    5134		5219		137		0.88
     *    5135		5218		139		0.88
     *    5136		5152		58		0.55
     *    5137		5151		87		0.71
     *    5138		5150		100		0.77
     *    5139		5149		145		0.89
     *    5140		5148		86		0.71
          5157		5213		16		0.16
          5158		5212		12		0.11
          5159		5211		1		0.00
          5160		5209		6		0.03
     *    5161		5208		95		0.75
     *    5162		5206		144		0.89
     *    5163		5205		114		0.82
     *    5164		5204		99		0.76
          5165		5202		109		0.80
     *    5166		5201		136		0.88
     *    5167		5200		41		0.41
     *    5170		5195		111		0.81
          5173		5192		35		0.36
     *    5174		5191		151		0.91
     *    5175		5189		127		0.85
     *    5176		5188		146		0.90
     *    5177		5187		165		0.93
#
# BPAIRS 846
# avg substitutions per BP  77.0
# BPAIRS expected to covary 447.2
# BPAIRS observed to covary 522
#
