# R-scape :: RNA Structural Covariation Above Phylogenetic Expectation
# R-scape 1.5.4 elenarivas@fas.harvard.edu (May 2020)
# Copyright (C) 2016-2019 Howard Hughes Medical Institute.
# Freely distributed under the GNU General Public License (GPLv3).
gnuplot not found. Some plots will not display
#-------------------------------------------------------------------------------------------------------
# MSA RF00017_Metazoa_SRP nseq 91 (91) alen 304 (412) avgid 67.90 (67.19) nbpairs 120 (120)
# Two-set statistical test (one test for annotated basepairs, another for all other pairs)
#
#
# Method Target_E-val [cov_min,cov_max] [FP | TP True Found | Sen PPV F] 
# GTp    0.05         [-9.74,147.55]     [0 | 39 120 39 | 32.50 100.00 49.06] 
#
#       left_pos       right_pos        score          E-value       substitutions      power
#-------------------------------------------------------------------------------------------------------
*	     217	     222	147.54554	5.02881e-08	94		0.74
*	     271	     276	143.03843	1.10404e-07	110		0.80
*	     263	     284	133.81327	5.31439e-07	86		0.71
*	     270	     277	131.55661	7.53347e-07	79		0.67
*	     269	     278	116.69308	9.41954e-06	112		0.81
*	     215	     224	116.75705	9.41954e-06	111		0.81
*	     113	     360	109.64924	3.04405e-05	124		0.85
*	     200	     239	109.37592	3.17906e-05	63		0.58
*	     197	     298	104.62111	7.2459e-05	74		0.65
*	      96	     376	104.16619	7.56669e-05	111		0.81
*	     121	     352	103.72145	8.25139e-05	115		0.82
*	     216	     223	101.96935	0.000111722	115		0.82
*	     201	     238	100.48396	0.000144832	30		0.31
*	     211	     228	99.92137	0.000157915	69		0.62
*	     192	     303	97.88969	0.00022313	73		0.64
*	     170	     330	97.05872	0.00025399	72		0.64
*	     204	     235	96.42582	0.000276891	50		0.49
*	     208	     231	96.27118	0.000289102	120		0.83
*	      75	     400	93.68669	0.000444948	104		0.78
*	     120	     353	93.72888	0.000444948	101		0.77
*	     172	     328	90.55129	0.000745737	88		0.72
*	     184	     313	89.64852	0.000885573	17		0.17
*	      97	     375	88.77590	0.0010073	95		0.75
*	      87	     387	88.59908	0.00105147	102		0.78
*	     129	     344	88.43579	0.00105147	77		0.66
*	      74	     401	84.04228	0.00217701	104		0.78
*	       1	      64	83.77850	0.00227197	75		0.65
*	     254	     290	82.63485	0.00281199	91		0.73
*	     210	     229	80.25688	0.00412343	118		0.83
*	     112	     361	74.16156	0.011339	111		0.81
*	     195	     300	72.72549	0.0139648	87		0.71
*	      94	     378	72.37950	0.0145567	127		0.85
*	      71	     404	70.57260	0.0194356	65		0.59
*	       7	      28	70.13507	0.0210965	67		0.61
*	     253	     291	69.39908	0.0238433	95		0.75
*	      83	     391	69.26241	0.0248319	53		0.51
*	      37	      61	68.78180	0.0258588	44		0.44
*	     251	     294	68.04172	0.0291827	57		0.54
*	      76	     399	67.02669	0.0342259	91		0.73

# The given structure
# SS_cons (((<<<<<<<<____________>>>>>>>>,,,,,<<<___________________>>
#
# SS_cons >))):::::((((((((((--(((((((--(((((((((-----(((-(((((----(((
#
# SS_cons ((----(((((((-----------------------------------((((((-((-((
#
# SS_cons -(((((-(((((-(((((<<<<<<<<<<<<<<<-<<<____>>>->>>>>>>>>>>>>>>
#
# SS_cons ,<<___>><<<<<<<----<<<<<----<<<____>>>---->>>>>->>>->>>>))))
#
# SS_cons )-))-)))--)))))-))----))-))))))--------)))))))----)))))----)
#
# SS_cons ))))-)-))---)))))))))----)))))))---)))))))))):::::::
#

# The given structure

# Power analysis of given structure 
#
# covary  left_pos      right_pos    substitutions      power
#----------------------------------------------------------------
     *    1		64		75		0.65
          2		63		3		0.00
          3		62		34		0.35
          4		31		0		0.00
          5		30		21		0.21
          6		29		51		0.50
     *    7		28		67		0.61
          8		27		49		0.48
          9		26		73		0.64
          10		25		109		0.80
          11		24		0		0.00
     *    37		61		44		0.44
          38		60		41		0.41
          39		59		59		0.55
          70		405		71		0.63
     *    71		404		65		0.59
          72		403		84		0.70
          73		402		93		0.74
     *    74		401		104		0.78
     *    75		400		104		0.78
     *    76		399		91		0.73
          77		398		29		0.30
          78		397		67		0.61
          79		396		3		0.00
          82		392		26		0.27
     *    83		391		53		0.51
          84		390		95		0.75
          85		389		63		0.58
          86		388		51		0.50
     *    87		387		102		0.78
          88		386		42		0.42
          91		381		2		0.00
          92		380		35		0.36
          93		379		24		0.25
     *    94		378		127		0.85
          95		377		114		0.82
     *    96		376		111		0.81
     *    97		375		95		0.75
          98		374		5		0.01
          99		373		6		0.03
          105		369		3		0.00
          106		368		3		0.00
          107		366		9		0.07
          109		364		92		0.74
          110		363		98		0.76
          111		362		113		0.81
     *    112		361		111		0.81
     *    113		360		124		0.85
          118		355		71		0.63
          119		354		113		0.81
     *    120		353		101		0.77
     *    121		352		115		0.82
          122		351		23		0.24
          127		346		119		0.83
          128		345		35		0.36
     *    129		344		77		0.66
          130		343		3		0.00
          131		342		54		0.52
          132		341		2		0.00
          133		340		47		0.46
          169		331		103		0.78
     *    170		330		72		0.64
          171		329		47		0.46
     *    172		328		88		0.72
          173		327		71		0.63
          174		326		76		0.66
          176		324		1		0.00
          177		323		11		0.09
          179		318		7		0.04
          180		317		25		0.26
          182		315		47		0.46
          183		314		59		0.55
     *    184		313		17		0.17
          185		312		42		0.42
          186		311		19		0.19
          188		308		11		0.09
          189		307		19		0.19
          190		306		97		0.76
          191		304		78		0.67
     *    192		303		73		0.64
          194		301		71		0.63
     *    195		300		87		0.71
          196		299		37		0.38
     *    197		298		74		0.65
          198		297		15		0.14
          199		240		16		0.16
     *    200		239		63		0.58
     *    201		238		30		0.31
          202		237		27		0.28
          203		236		7		0.04
     *    204		235		50		0.49
          205		234		13		0.12
          206		233		41		0.41
          207		232		103		0.78
     *    208		231		120		0.83
          209		230		112		0.81
     *    210		229		118		0.83
     *    211		228		69		0.62
          212		227		107		0.79
          213		226		87		0.71
     *    215		224		111		0.81
     *    216		223		115		0.82
     *    217		222		94		0.74
          242		248		61		0.57
          243		247		49		0.48
          249		296		6		0.03
          250		295		5		0.01
     *    251		294		57		0.54
          252		293		76		0.66
     *    253		291		95		0.75
     *    254		290		91		0.73
          255		289		6		0.03
          260		287		3		0.00
          261		286		46		0.46
          262		285		71		0.63
     *    263		284		86		0.71
          264		283		23		0.24
     *    269		278		112		0.81
     *    270		277		79		0.67
     *    271		276		110		0.80
#
# BPAIRS 120
# avg substitutions per BP  59.2
# BPAIRS expected to covary 58.5
# BPAIRS observed to covary 39
#
