# R-scape :: RNA Structural Covariation Above Phylogenetic Expectation
# R-scape 1.5.4 elenarivas@fas.harvard.edu (May 2020)
# Copyright (C) 2016-2019 Howard Hughes Medical Institute.
# Freely distributed under the GNU General Public License (GPLv3).
gnuplot not found. Some plots will not display
#-------------------------------------------------------------------------------------------------------
# MSA RF00547_IRES_TrkB nseq 16 (16) alen 353 (386) avgid 74.40 (73.76) nbpairs 117 (117)
# Two-set statistical test (one test for annotated basepairs, another for all other pairs)
#
#
# Method Target_E-val [cov_min,cov_max] [FP | TP True Found | Sen PPV F] 
# GTp    0.05         [-9.11,17.64]     [0 | 0 117 0 | 0.00 0.00 0.00] 
#
#       left_pos       right_pos        score          E-value       substitutions      power
#-------------------------------------------------------------------------------------------------------
no significant pairs

# The given structure
# SS_cons {{{{{{{{{{,,,,,,,,,,<<<--<<<<_____>>>>--->>>,[[-[[[-[[[,,,<-
#
# SS_cons <<<<--<<<<<<<-<<<<-<<______>>-->>>>>>>>>->>---->>>>->,<<<<<-
#
# SS_cons <-<<<-<---<<<-<<<<___>>>>->>>->-->>>->>>>>>,,,((((((-((-(((-
#
# SS_cons ((----(((((-(--((((,,,<<<<<<<<<___>>>>--->>>>>,,<<<<-----<<_
#
# SS_cons ______________>>->>>>))))-)-))))--)--)))))----)))))))),,]]]]
#
# SS_cons ]]]],,,,}}}}}}}}}}:::::<<<<-<<<<<<<<<<<----<<<<________>>>>-
#
# SS_cons ------>>>->>>>>>>>>>>>::::
#

# The given structure

# Power analysis of given structure 
#
# covary  left_pos      right_pos    substitutions      power
#----------------------------------------------------------------
          1		318		7		0.04
          2		317		2		0.00
          3		316		6		0.03
          4		315		3		0.00
          5		314		23		0.24
          6		313		14		0.13
          7		312		7		0.04
          8		311		7		0.04
          9		310		14		0.13
          10		309		2		0.00
          21		44		0		0.00
          22		43		6		0.03
          23		42		5		0.01
          26		38		14		0.13
          27		37		3		0.00
          28		36		2		0.00
          29		35		2		0.00
          46		304		1		0.00
          47		303		2		0.00
          49		302		3		0.00
          50		301		15		0.14
          51		300		6		0.03
          53		299		0		0.00
          54		298		0		0.00
          55		297		0		0.00
          59		113		0		0.00
          61		111		9		0.07
          62		110		11		0.09
          63		109		13		0.12
          64		108		6		0.03
          67		103		2		0.00
          68		102		5		0.01
          69		100		3		0.00
          70		99		12		0.11
          71		98		6		0.03
          72		97		5		0.01
          73		96		2		0.00
          75		95		3		0.00
          76		94		5		0.01
          77		93		2		0.00
          78		92		8		0.05
          80		89		5		0.01
          81		88		2		0.00
          115		163		0		0.00
          116		162		0		0.00
          117		161		3		0.00
          118		160		1		0.00
          119		159		6		0.03
          121		158		0		0.00
          123		156		8		0.05
          124		155		6		0.03
          125		154		10		0.08
          127		151		8		0.05
          131		149		0		0.00
          132		148		1		0.00
          133		147		7		0.04
          135		145		18		0.18
          136		144		12		0.11
          137		143		16		0.16
          138		142		6		0.03
          167		294		1		0.00
          168		293		18		0.18
          169		292		11		0.09
          170		291		8		0.05
          171		290		1		0.00
          172		289		1		0.00
          174		288		3		0.00
          175		287		8		0.05
          177		282		23		0.24
          178		281		3		0.00
          179		280		2		0.00
          181		279		23		0.24
          182		278		5		0.01
          187		275		4		0.00
          188		272		16		0.16
          189		271		2		0.00
          190		270		5		0.01
          191		269		11		0.09
          193		267		6		0.03
          196		265		3		0.00
          197		264		10		0.08
          198		263		2		0.00
          199		262		6		0.03
          203		226		4		0.00
          204		225		20		0.20
          205		224		5		0.01
          206		223		2		0.00
          207		222		5		0.01
          208		218		1		0.00
          209		217		2		0.00
          210		216		4		0.00
          211		215		4		0.00
          229		261		1		0.00
          230		260		6		0.03
          231		259		16		0.16
          232		258		6		0.03
          238		256		0		0.00
          239		255		5		0.01
          324		382		17		0.17
          325		381		15		0.14
          326		380		1		0.00
          327		379		12		0.11
          329		378		5		0.01
          330		377		0		0.00
          331		376		2		0.00
          332		375		11		0.09
          333		374		1		0.00
          334		373		16		0.16
          335		372		2		0.00
          336		371		10		0.08
          337		369		2		0.00
          338		368		5		0.01
          339		367		2		0.00
          344		359		9		0.07
          345		358		7		0.04
          346		357		3		0.00
          347		356		5		0.01
#
# BPAIRS 117
# avg substitutions per BP  6.2
# BPAIRS expected to covary 4.9
# BPAIRS observed to covary 0
#
