# R-scape :: RNA Structural Covariation Above Phylogenetic Expectation
# R-scape 1.5.4 elenarivas@fas.harvard.edu (May 2020)
# Copyright (C) 2016-2019 Howard Hughes Medical Institute.
# Freely distributed under the GNU General Public License (GPLv3).
gnuplot not found. Some plots will not display
#-------------------------------------------------------------------------------------------------------
# MSA RF01071_OLE nseq 20 (20) alen 635 (749) avgid 62.45 (62.12) nbpairs 159 (159)
# Two-set statistical test (one test for annotated basepairs, another for all other pairs)
#
#
# Method Target_E-val [cov_min,cov_max] [FP | TP True Found | Sen PPV F] 
# GTp    0.05         [-9.92,37.21]     [2 | 49 159 51 | 30.82 96.08 46.67] 
#
#       left_pos       right_pos        score          E-value       substitutions      power
#-------------------------------------------------------------------------------------------------------
*	     633	     678	37.20772	4.54064e-09	41		0.41
*	     654	     669	36.82831	5.96268e-09	31		0.32
*	     630	     681	33.31240	1.0362e-07	30		0.31
*	     399	     475	33.01036	1.35918e-07	36		0.37
*	     238	     305	32.78981	1.66578e-07	31		0.32
*	     569	     721	31.86040	3.50971e-07	34		0.35
*	     611	     625	30.72326	8.45637e-07	41		0.41
*	     570	     720	29.32014	2.66384e-06	13		0.12
*	     636	     674	28.97753	3.48784e-06	31		0.32
*	     400	     474	28.73921	4.26861e-06	35		0.36
*	     610	     626	28.44273	5.58705e-06	31		0.32
*	     632	     679	28.31214	5.97575e-06	34		0.35
*	     635	     675	28.33894	5.97575e-06	38		0.39
*	     637	     673	27.69647	1.02294e-05	36		0.37
*	     608	     628	26.50110	2.61445e-05	33		0.34
*	     567	     723	26.42531	2.79533e-05	34		0.35
*	     440	     450	26.43627	2.79533e-05	31		0.32
*	     433	     456	26.01258	3.90464e-05	23		0.24
*	     607	     629	25.58237	5.45149e-05	22		0.23
*	     566	     724	25.50393	5.8274e-05	30		0.31
*	     105	     134	24.33611	0.000147864	37		0.38
*	     237	     306	23.59146	0.000268311	29		0.30
*	     653	     670	23.33748	0.000327084	14		0.13
*	     657	     666	22.84113	0.00048562	24		0.25
*	     384	     488	22.64642	0.000553836	44		0.44
*	     326	     355	21.86938	0.000998548	32		0.33
*	     568	     722	21.69081	0.00121433	26		0.27
*	     547	     560	21.17680	0.00179331	26		0.27
*	     615	     623	21.07850	0.00191332	35		0.36
*	     609	     627	20.68126	0.0026426	29		0.30
*	     602	     695	20.56429	0.00281833	26		0.27
*	     546	     561	20.24495	0.00364341	18		0.18
*	     180	     225	19.80668	0.00501297	21		0.21
*	     441	     449	19.77925	0.00534187	21		0.21
*	     432	     457	19.56034	0.00606399	25		0.26
*	     439	     451	19.37507	0.0068808	33		0.34
*	     236	     307	19.32736	0.00732835	30		0.31
~	      47	     509	27.93064	0.010579	37		0.38
*	     391	     482	18.79877	0.0106674	22		0.23
*	     402	     473	18.63078	0.0120758	41		0.41
*	     113	     126	18.14703	0.0174454	22		0.23
~	      16	     734	27.27805	0.0180988	33		0.34
*	     436	     454	17.87388	0.0209097	23		0.24
*	     196	     207	17.87101	0.0209097	18		0.18
*	     564	     726	17.79271	0.0222003	24		0.25
*	     386	     485	17.73867	0.0235641	27		0.28
*	     565	     725	17.52866	0.0281292	25		0.26
*	     322	     359	17.41024	0.0298199	20		0.20
*	     247	     296	17.42212	0.0298199	36		0.37
*	     325	     356	17.11853	0.0354445	35		0.36
*	     658	     665	17.07720	0.0375133	32		0.33

# The given structure
# SS_cons :::::::::::::::::::::::::::::::::::::::::::::::::::::::<<<<<
#
# SS_cons <________>>>>>>::::::::::::::::::::<<<<<-<<<<<<<<<<<<<<<____
#
# SS_cons __>>>>>>>>>>>>>>>->>>>>:::::::::::::::::::::::::::::::::::<<
#
# SS_cons <<<--<<<<----<<<<<______>>>>>------->>>>->>>>>:::::::<<<<<-<
#
# SS_cons <<<<<<<<<<<________________________________________>>>>>>>>>
#
# SS_cons >>>->>>>>::::::::<<<<<-<<<<<<<<__________________>>>>>>>>->>
#
# SS_cons >>>::::::::<<<<<---<<<<<<<-<-<<-------<<-<<<----------------
#
# SS_cons -----<<<<<<<<<-<<<<<<_______>>>>>>>>>>>>>>>------->>>>>-----
#
# SS_cons ->>>>->>>>>>---->>>>>:::::::::::::::::::::::<<<_____>>>:::::
#
# SS_cons ::::<<<<__________>>>>(((((((((((--------(((((-------------(
#
# SS_cons (((((,<<<<<--<<<_____>>>>>>>><<<<<<<<-------------<<<<<<<<<_
#
# SS_cons ___>>>>>>>>>>>>->>>>>,,,,,,,,,,))))))-------)))))-------))))
#
# SS_cons )))))))::::::::::::::::::::::
#

# The given structure

# Power analysis of given structure 
#
# covary  left_pos      right_pos    substitutions      power
#----------------------------------------------------------------
          56		75		14		0.13
          57		74		24		0.25
          58		73		4		0.00
          59		72		1		0.00
          60		71		1		0.00
          61		70		1		0.00
          96		143		9		0.07
          97		142		2		0.00
          98		141		8		0.05
          99		140		0		0.00
          100		139		0		0.00
          102		137		1		0.00
          103		136		10		0.08
          104		135		9		0.07
     *    105		134		37		0.38
          106		133		13		0.12
          107		132		8		0.05
          108		131		17		0.17
          109		130		0		0.00
          110		129		4		0.00
          111		128		10		0.08
          112		127		34		0.35
     *    113		126		22		0.23
          114		125		20		0.20
          115		124		12		0.11
          116		123		4		0.00
          179		226		5		0.01
     *    180		225		21		0.21
          181		224		32		0.33
          182		223		29		0.30
          183		222		21		0.21
          186		220		22		0.23
          187		219		0		0.00
          188		218		0		0.00
          189		217		0		0.00
          194		209		9		0.07
          195		208		12		0.11
     *    196		207		18		0.18
          197		206		2		0.00
          198		205		0		0.00
          234		309		3		0.00
          235		308		11		0.09
     *    236		307		30		0.31
     *    237		306		29		0.30
     *    238		305		31		0.32
          240		303		32		0.33
          241		302		26		0.27
          242		301		24		0.25
          243		300		11		0.09
          244		299		13		0.12
          245		298		17		0.17
          246		297		25		0.26
     *    247		296		36		0.37
          248		295		29		0.30
          249		294		24		0.25
          250		293		29		0.30
          251		292		18		0.18
          318		363		0		0.00
          319		362		1		0.00
          320		361		8		0.05
          321		360		9		0.07
     *    322		359		20		0.20
          324		357		22		0.23
     *    325		356		35		0.36
     *    326		355		32		0.33
          327		354		17		0.17
          328		353		26		0.27
          329		352		37		0.38
          330		351		35		0.36
          331		350		29		0.30
          372		501		6		0.03
          373		500		4		0.00
          374		499		0		0.00
          375		498		0		0.00
          376		497		1		0.00
          380		492		0		0.00
          381		491		2		0.00
          382		490		1		0.00
          383		489		16		0.16
     *    384		488		44		0.44
          385		487		30		0.31
     *    386		485		27		0.28
          388		484		31		0.32
          390		483		2		0.00
     *    391		482		22		0.23
     *    399		475		36		0.37
     *    400		474		35		0.36
     *    402		473		41		0.41
          403		472		26		0.27
          404		471		21		0.21
          426		463		26		0.27
          427		462		22		0.23
          428		461		23		0.24
          429		460		32		0.33
          430		459		28		0.29
          431		458		30		0.31
     *    432		457		25		0.26
     *    433		456		23		0.24
          434		455		38		0.39
     *    436		454		23		0.24
          437		453		29		0.30
          438		452		33		0.34
     *    439		451		33		0.34
     *    440		450		31		0.32
     *    441		449		21		0.21
          525		535		10		0.08
          526		534		17		0.17
          527		533		2		0.00
          545		562		19		0.19
     *    546		561		18		0.18
     *    547		560		26		0.27
          548		559		20		0.20
          563		727		19		0.19
     *    564		726		24		0.25
     *    565		725		25		0.26
     *    566		724		30		0.31
     *    567		723		34		0.35
     *    568		722		26		0.27
     *    569		721		34		0.35
     *    570		720		13		0.12
          571		719		17		0.17
          572		718		23		0.24
          573		717		2		0.00
          582		709		0		0.00
          583		708		12		0.11
          584		707		19		0.19
          585		706		1		0.00
          586		705		5		0.01
          600		697		0		0.00
          601		696		2		0.00
     *    602		695		26		0.27
          603		694		11		0.09
          604		693		0		0.00
          605		692		26		0.27
     *    607		629		22		0.23
     *    608		628		33		0.34
     *    609		627		29		0.30
     *    610		626		31		0.32
     *    611		625		41		0.41
          614		624		30		0.31
     *    615		623		35		0.36
          616		622		4		0.00
     *    630		681		30		0.31
          631		680		24		0.25
     *    632		679		34		0.35
     *    633		678		41		0.41
          634		677		34		0.35
     *    635		675		38		0.39
     *    636		674		31		0.32
     *    637		673		36		0.37
          651		672		4		0.00
          652		671		6		0.03
     *    653		670		14		0.13
     *    654		669		31		0.32
          655		668		17		0.17
          656		667		29		0.30
     *    657		666		24		0.25
     *    658		665		32		0.33
          659		664		12		0.11
#
# BPAIRS 159
# avg substitutions per BP  18.7
# BPAIRS expected to covary 29.5
# BPAIRS observed to covary 49
#
