# R-scape :: RNA Structural Covariation Above Phylogenetic Expectation
# R-scape 1.5.4 elenarivas@fas.harvard.edu (May 2020)
# Copyright (C) 2016-2019 Howard Hughes Medical Institute.
# Freely distributed under the GNU General Public License (GPLv3).
gnuplot not found. Some plots will not display
#-------------------------------------------------------------------------------------------------------
# MSA RF01960_SSU_rRNA_eukarya nseq 91 (91) alen 1978 (3277) avgid 61.93 (60.94) nbpairs 447 (447)
# Two-set statistical test (one test for annotated basepairs, another for all other pairs)
#
#
# Method Target_E-val [cov_min,cov_max] [FP | TP True Found | Sen PPV F] 
# GTp    0.05         [-9.82,183.56]     [4 | 205 447 209 | 45.86 98.09 62.50] 
#
#       left_pos       right_pos        score          E-value       substitutions      power
#-------------------------------------------------------------------------------------------------------
*	    3068	    3223	183.55673	4.27491e-17	116		0.82
*	    1695	    1736	176.00087	2.88196e-16	152		0.91
*	    2590	    2662	156.71418	3.62316e-14	138		0.88
*	    2939	    2974	154.17442	7.04387e-14	141		0.89
*	    1686	    1748	153.35106	8.41001e-14	140		0.88
*	     658	     706	152.52385	1.0496e-13	108		0.80
*	    1692	    1739	147.80725	3.47168e-13	148		0.90
*	    2021	    2026	147.22666	3.96509e-13	111		0.81
*	    2739	    2922	146.09151	5.17216e-13	171		0.94
*	    2589	    2663	145.39631	6.17466e-13	130		0.86
*	    1892	    1981	142.52115	1.31089e-12	167		0.93
*	    2835	    2851	142.17947	1.43227e-12	167		0.93
*	    1699	    1734	141.06703	1.8681e-12	149		0.90
*	     576	     626	140.53743	2.13345e-12	113		0.81
*	    2591	    2661	140.36092	2.23002e-12	138		0.88
*	    2198	    2250	139.73938	2.54676e-12	158		0.92
*	     839	     855	139.22426	2.90847e-12	117		0.83
*	    2836	    2849	137.68368	4.33191e-12	164		0.93
*	    1694	    1737	137.72192	4.33191e-12	149		0.90
*	     841	     852	137.47123	4.52795e-12	133		0.87
*	    2128	    2988	136.59074	5.64949e-12	85		0.70
*	    1890	    1984	131.15051	2.22688e-11	110		0.80
*	    2336	    2674	129.48852	3.46567e-11	120		0.83
*	     179	     634	128.72184	4.1363e-11	158		0.92
*	    2942	    2971	127.64547	5.39312e-11	132		0.87
*	     840	     854	126.36573	7.34948e-11	96		0.75
*	    2943	    2969	124.15717	1.30568e-10	134		0.87
*	    2740	    2921	123.63179	1.49081e-10	123		0.84
*	    2197	    2251	122.19271	2.12309e-10	114		0.82
*	    1682	    1774	119.67482	3.941e-10	104		0.78
*	    1817	    1857	117.73227	6.4065e-10	97		0.76
*	     905	     947	117.60769	6.69578e-10	130		0.86
*	    2742	    2919	117.31597	7.31409e-10	157		0.92
*	     907	     946	116.79421	8.35018e-10	118		0.83
*	     316	     401	113.75399	1.76868e-09	93		0.74
*	     914	     938	112.52877	2.40893e-09	90		0.73
*	     268	     301	112.34176	2.51762e-09	96		0.75
*	    3109	    3187	111.74126	2.87398e-09	136		0.88
*	    3090	    3203	110.00163	4.46781e-09	122		0.84
*	    1893	    1980	109.02206	5.82151e-09	147		0.90
*	    1819	    1854	108.33520	6.94466e-09	85		0.70
*	    1683	    1773	108.09410	7.25777e-09	105		0.79
*	     510	     521	107.33377	8.6578e-09	119		0.83
*	     509	     522	106.17394	1.1788e-08	120		0.83
*	    3095	    3197	105.46189	1.40611e-08	87		0.71
*	    2335	    2675	104.66206	1.6772e-08	101		0.77
*	     908	     945	104.75411	1.6772e-08	149		0.90
*	     677	     694	103.75531	2.18483e-08	108		0.80
*	    2750	    2870	103.50468	2.28325e-08	116		0.82
*	    3087	    3207	102.82387	2.72328e-08	139		0.88
*	    1830	    1845	102.42149	2.97411e-08	80		0.68
*	    2741	    2920	102.21179	3.10806e-08	125		0.85
*	     408	     557	101.98723	3.3943e-08	95		0.75
*	     173	     639	101.36916	3.8738e-08	127		0.85
*	    3005	    3016	100.43871	4.828e-08	125		0.85
*	    3003	    3017	99.56056	6.01698e-08	123		0.84
*	    1816	    1858	99.63641	6.01698e-08	121		0.84
*	     966	    1005	99.63120	6.01698e-08	97		0.76
*	    1889	    1985	99.06146	6.86653e-08	121		0.84
*	    1015	    1067	98.81928	7.17555e-08	67		0.61
*	     587	     616	98.88386	7.17555e-08	108		0.80
*	      69	     140	98.64915	7.49846e-08	70		0.62
*	     411	     554	98.63894	7.8359e-08	103		0.78
*	     317	     400	97.33522	1.06631e-07	103		0.78
*	    1883	    1996	97.15173	1.11427e-07	120		0.83
*	    2342	    2579	96.85131	1.21677e-07	86		0.71
*	    1874	    2041	94.24458	2.25239e-07	50		0.49
*	    2216	    2234	93.91850	2.45943e-07	64		0.59
*	    3110	    3186	93.18719	2.93228e-07	126		0.85
*	    2306	    2316	92.00785	3.98859e-07	53		0.51
*	    3006	    3015	91.78517	4.16777e-07	89		0.72
*	    3122	    3172	90.91301	5.1917e-07	106		0.79
*	    2338	    2672	90.70480	5.66846e-07	148		0.90
*	    3082	    3212	90.39095	5.923e-07	99		0.76
*	    1687	    1747	90.51978	5.923e-07	67		0.61
*	     181	     632	89.70130	7.06052e-07	135		0.87
*	     668	     702	88.97169	8.41619e-07	68		0.61
*	     315	     402	88.22010	1.04819e-06	104		0.78
*	    3100	    3194	87.86973	1.14436e-06	146		0.90
*	     669	     701	86.91056	1.42511e-06	98		0.76
*	    1017	    1064	86.51300	1.55581e-06	56		0.53
*	    1878	    2034	86.31385	1.62558e-06	62		0.57
*	     829	     864	86.46661	1.62558e-06	56		0.53
*	    3133	    3161	86.28171	1.69847e-06	53		0.51
*	    2179	    2714	86.04670	1.77463e-06	70		0.62
*	    2337	    2673	85.45967	2.02417e-06	137		0.88
*	    1875	    2040	84.96130	2.30876e-06	70		0.62
*	    2199	    2249	84.64848	2.52034e-06	116		0.82
*	     180	     633	84.11366	2.87455e-06	67		0.61
*	    2738	    2923	83.53943	3.27847e-06	110		0.80
*	    2837	    2848	83.52443	3.27847e-06	95		0.75
*	    1697	    1735	83.33664	3.42532e-06	150		0.90
*	     915	     936	83.08868	3.73903e-06	99		0.76
*	     586	     617	82.78638	3.90649e-06	67		0.61
*	    3132	    3162	81.98978	4.86296e-06	66		0.60
*	    2340	    2581	81.91654	4.86296e-06	61		0.57
*	    2195	    2253	80.66075	6.60698e-06	69		0.62
*	    2593	    2660	80.15390	7.53399e-06	115		0.82
*	    2343	    2578	80.27368	7.53399e-06	85		0.70
*	    2941	    2972	79.89630	8.22305e-06	123		0.84
*	    3131	    3163	79.27745	9.37633e-06	54		0.52
*	    2840	    2847	79.35638	9.37633e-06	98		0.76
*	    1705	    1724	78.93083	1.02335e-05	67		0.61
*	     511	     520	78.20952	1.21896e-05	100		0.77
*	     104	     134	78.31674	1.21896e-05	122		0.84
*	    3084	    3211	78.16397	1.27344e-05	101		0.77
*	    2996	    3024	77.60845	1.45188e-05	72		0.64
*	     650	     715	76.85212	1.72919e-05	53		0.51
*	    2290	    2298	76.75538	1.80642e-05	44		0.44
*	     585	     618	76.61478	1.80642e-05	54		0.52
*	    3118	    3182	76.57957	1.88708e-05	136		0.88
*	     670	     700	76.27168	1.97134e-05	61		0.57
*	     900	     955	75.92491	2.15128e-05	75		0.65
*	    2112	    3044	75.77969	2.2473e-05	58		0.55
*	     916	     935	75.40390	2.45238e-05	95		0.75
*	     277	     292	75.10361	2.67611e-05	105		0.79
*	    1669	    1783	74.38744	3.18653e-05	109		0.80
*	     182	     631	74.37002	3.18653e-05	133		0.87
*	    2830	    2862	74.24180	3.32863e-05	62		0.57
*	     979	     997	74.18656	3.32863e-05	83		0.69
*	    3121	    3173	74.06542	3.47706e-05	107		0.79
*	    1691	    1740	73.95303	3.47706e-05	52		0.50
*	     671	     699	73.71078	3.79402e-05	44		0.44
*	     279	     290	73.57952	3.96315e-05	78		0.67
*	    3091	    3202	73.25439	4.13979e-05	91		0.73
*	    1681	    1775	72.97236	4.517e-05	88		0.72
*	    3081	    3213	72.43694	5.14802e-05	113		0.81
*	    1753	    1767	72.23643	5.37733e-05	77		0.66
*	    2346	    2576	72.07193	5.61682e-05	65		0.59
*	    2305	    2317	71.49679	6.40102e-05	40		0.41
 	     142	     843	104.76736	7.33469e-05	92		0.74
*	     674	     697	70.77160	7.95796e-05	84		0.70
*	     282	     288	69.20041	0.00011271	59		0.55
*	    3098	    3196	68.69899	0.000128413	140		0.88
*	    3092	    3201	68.12417	0.000152791	62		0.57
*	     167	     643	67.90518	0.000159575	106		0.79
*	     410	     555	67.90722	0.000159575	87		0.71
*	    3112	    3184	67.13277	0.000189845	143		0.89
*	     901	     954	67.13871	0.000189845	114		0.82
*	     903	     951	66.93815	0.000198268	68		0.61
*	     172	     641	65.68885	0.000268616	67		0.61
*	     579	     623	65.44084	0.000292945	145		0.89
*	    2353	    2570	64.70868	0.000348379	64		0.59
*	     409	     556	64.76717	0.000348379	81		0.68
*	    1124	    1798	63.90266	0.000414254	89		0.72
*	     673	     698	64.05691	0.000414254	43		0.43
*	    3072	    3219	63.89235	0.000432575	39		0.40
*	    3101	    3193	63.78167	0.000432575	138		0.88
*	     913	     939	63.78531	0.000432575	149		0.90
*	     676	     695	62.91034	0.00053701	76		0.66
*	    2998	    3023	62.29834	0.000638341	99		0.76
*	    2073	    2078	61.68328	0.000726632	81		0.68
*	    2273	    2683	61.22772	0.000827065	38		0.39
*	    2070	    2081	61.21170	0.000827065	45		0.45
*	    1882	    1997	60.97503	0.000863521	69		0.62
*	     163	     647	61.01370	0.000863521	37		0.38
*	    3104	    3191	60.75370	0.000901575	112		0.81
*	    3000	    3020	60.60939	0.000941297	61		0.57
*	     904	     948	60.58299	0.000941297	123		0.84
*	    1704	    1725	60.43734	0.000982759	41		0.41
*	    2944	    2968	60.35710	0.00102604	118		0.83
*	    1894	    1979	59.95931	0.00111836	139		0.88
*	    2135	    2729	58.46842	0.00157785	40		0.41
*	    1094	    2053	58.43993	0.00157785	114		0.82
*	    2594	    2659	57.46387	0.00204156	103		0.78
*	     322	     392	57.22513	0.00213104	108		0.80
~	    1383	    1493	90.99979	0.00227042	117		0.83
*	     321	     393	56.96446	0.00232186	94		0.74
*	     659	     705	56.58136	0.00252962	45		0.45
*	     779	     794	56.48270	0.00264032	36		0.37
*	     314	     403	56.17281	0.00275582	109		0.80
*	    2137	    2728	55.14707	0.00356192	72		0.64
*	     426	     541	55.18549	0.00356192	68		0.61
*	    3085	    3209	53.89638	0.00480145	91		0.73
*	    2180	    2713	53.86796	0.00480145	51		0.50
*	    2345	    2577	53.51570	0.00522828	72		0.64
*	     777	     796	53.25465	0.00569262	35		0.36
*	     318	     398	53.10209	0.00593987	111		0.81
*	     162	     648	52.92178	0.00619773	40		0.41
*	    1891	    1982	51.93804	0.00766265	67		0.61
*	     909	     943	51.99131	0.00766265	125		0.85
*	    3070	    3221	51.89579	0.0079943	44		0.44
*	    3102	    3192	51.06716	0.00946863	131		0.86
*	    1881	    1998	51.01972	0.0098773	94		0.74
*	     412	     553	50.91146	0.0098773	109		0.80
*	     105	     133	50.92784	0.0098773	117		0.83
~	    3275	    3276	84.84531	0.0105491	94		0.74
*	    2354	    2569	50.54084	0.0107475	42		0.42
*	    1825	    1851	50.46692	0.0112105	44		0.44
*	    2020	    2027	50.16353	0.0116932	39		0.40
*	     164	     646	50.14179	0.0116932	22		0.23
*	    3088	    3206	50.08732	0.0121963	141		0.89
*	    3099	    3195	50.01294	0.0121963	150		0.90
*	      45	     867	50.08700	0.0121963	46		0.46
*	    3086	    3208	49.25643	0.0150493	138		0.88
*	     577	     625	48.96723	0.0156941	53		0.51
*	    2938	    2976	48.17353	0.0193472	46		0.46
*	    2347	    2575	47.49342	0.0228585	59		0.55
*	    1815	    1860	46.31218	0.0293201	34		0.35
*	    1668	    1784	45.83926	0.0331863	105		0.79
*	      25	    1080	45.57216	0.0345817	61		0.57
~	     178	     636	79.80253	0.0359608	120		0.83
*	     776	     797	45.33706	0.037545	37		0.38
*	    1016	    1065	44.93811	0.040753	52		0.50
*	    3111	    3185	44.82780	0.0424547	122		0.84
*	    2940	    2973	44.76591	0.0424547	13		0.12
*	    2178	    2715	44.59531	0.0442246	14		0.13
*	    3119	    3178	44.08778	0.04997	136		0.88
*	     967	    1004	43.96826	0.04997	137		0.88

# The given structure
# SS_cons :::<<<<<_______>>--->>>:{{{--{{{{{{{,{{{{{{{{{-----{{-{-{{{,
#
# SS_cons ,<<---<<<----------------------------------<<_______________
#
# SS_cons ____________>>----->>>>>,,,,,,[[[,,,,,,,((((--((---((-----((
#
# SS_cons ((,,,,,,,,,,,,,,,,,,,,,,,,,,,,,,,,,,,,,,,,,,,,,,,,,,,,,,,,,,
#
# SS_cons ,,,,,,,,,,,,,,,,,,,,,,,,,<<<<-----<<<<<-<<_____>>>>>>>----->
#
# SS_cons >>>,,,,,,,,,,<<<<<--<<______________________________________
#
# SS_cons _______________________________>>---->->>>>,,,,<<<<<<-------
#
# SS_cons ---<<<<-----------------------------------------------------
#
# SS_cons ----------------------------<<<________>>>----------------->
#
# SS_cons >>>-------->>>>>>,,,,,,,,,,,,,,,,,,<<<<----<<<<_____________
#
# SS_cons _______________>>>>--->>>>,,,,))))----)-)))--))))<<<--<--<<<
#
# SS_cons -------<<<<-<<-<<________________>>->>>>>>->>>----->>>>,,,<<
#
# SS_cons <<<<<<______________________________>>>>---->->>>]]--],<<<<<
#
# SS_cons <__________>>>>>>,<<<<____>>>>,,,}}}}}}-},,,,,<-<<<------<<<
#
# SS_cons <<________>>->>>----->>>>,}}-}}}}}},,,,,,,,,,,,,,,,,,,,,,,,<
#
# SS_cons <-<<<-<<<-<-<<<<__________________>>->>-->>->>>>-->-->>,,,,,
#
# SS_cons ,,,,,<<<----------<<<_____________>>>-->--->>,,,,,,,,,<<<<<<
#
# SS_cons --------<-<<<-----<<____>>-------->>-->>>>>>>->,}-}}-}}}}}}}
#
# SS_cons ::::::::::::[[[--------[,,,,,,,,,((((----(((----------------
#
# SS_cons ------------------------------------------------------------
#
# SS_cons ------------------------------------------------------------
#
# SS_cons ------------------------------------------------------------
#
# SS_cons ------------------------------------------------------------
#
# SS_cons ------------------------------------------------------------
#
# SS_cons ------------------------------------------------------------
#
# SS_cons ------------------------------------------------------------
#
# SS_cons ------------------------------------------------------------
#
# SS_cons -----------------------------------------((((--((--(((----((
#
# SS_cons (((((<<--<<<-<<-<-<<---<<----<____________>>>------->>>>>->>
#
# SS_cons >----->>,,,,<----<<_____>>>,,,)))))))--)))))----))))-----)))
#
# SS_cons -----)))),,,,<<<<<<----<<---<<<<__________>>>>---->>->>->>->
#
# SS_cons >,,,,,,,,,,,((((-((,<<<----<<<<<<<-<--<<<___________________
#
# SS_cons ______________________________________________________>>>>>>
#
# SS_cons >>->>>--------->>>,,,,,,,,,,,,,,,,,,,,,<<____>>,,,,,)))----)
#
# SS_cons )),,,,,,,,]]]]:<<<----------<<-<<____>>->>------>->>::::::::
#
# SS_cons ::{{{{{--{{{{{{{----{{,,,{{{-{{{{{{-{{{{-{{{{,,,,,<<<<______
#
# SS_cons __>>>>,,,,,,,,,,{{{{{{{,,,,,,,,,,,<<<<<---------<<-<<-<<____
#
# SS_cons _____________>>>>->>-------->>>>>,,,,[[-[[[[--[[[[[[[[-[,,,(
#
# SS_cons (-(((-(<<<_______>>>,,<<<<_________>>>>,,,))))-)),,,,,((((,<
#
# SS_cons -<<-<<<<----<<<<____________________________________________
#
# SS_cons ____________________________________________________________
#
# SS_cons ____________________________________________________________
#
# SS_cons ______________________________________________>>>>--->>>>>>-
#
# SS_cons >,,,<-<<<<<-<<______________________________________________
#
# SS_cons __________________>>>>>>>>,,,,,)))),,,,]-]]]-]]]-----]-]]]]]
#
# SS_cons ]],,,,,,}}-}}}}},,,}}-}}}}}}}}-}},,,<<<<<<<-----<<<---------
#
# SS_cons ------------------------------------------------------------
#
# SS_cons ---------<<---<<<--<______>>>->--------->>------>>>---------
#
# SS_cons ------------------------------------->>>>>>>,,,,,,,,,<---<<<
#
# SS_cons <<<<<_____________________>>>->>>>->--->,,,,,}}}}},,,,,<-<<<
#
# SS_cons <-<-<<________>>>->>->>>,,,,,,,,,}}----}}}}}}}}}}-}}::<-<<-<
#
# SS_cons <--<-<<<<<<<<--<---<<<-<<<<<<<<<--<--<<<<<-<<-<<<<<<-----<<-
#
# SS_cons <<<<<----<<<<___________________________>>>>-->-->>>>---->--
#
# SS_cons ->->>>>>>>>>>>>>>--->>>->>>>>->>>>>-->>>>>>>>-->->>-->>-->::
#
# SS_cons <<<-<<<<<<<_______>>>>>>>>>>:::::::::
#

# The given structure

# Power analysis of given structure 
#
# covary  left_pos      right_pos    substitutions      power
#----------------------------------------------------------------
          4		23		6		0.03
          5		22		18		0.18
          6		21		6		0.03
          7		17		15		0.14
          8		16		4		0.00
     *    25		1080		61		0.57
          26		1079		93		0.74
          27		1078		51		0.50
          30		1077		43		0.43
          31		1076		17		0.17
          32		1075		9		0.07
          33		1074		60		0.56
          34		1072		48		0.47
          35		1071		3		0.00
          36		1069		5		0.01
          38		875		55		0.53
          39		874		46		0.46
          40		873		104		0.78
          41		872		18		0.18
          42		871		82		0.69
          43		870		49		0.48
          44		868		21		0.21
     *    45		867		46		0.46
          46		821		2		0.00
          52		819		4		0.00
          53		818		1		0.00
          55		817		3		0.00
          57		816		0		0.00
          58		815		5		0.01
          59		814		4		0.00
          62		144		30		0.31
          63		143		11		0.09
          67		142		59		0.55
          68		141		3		0.00
     *    69		140		70		0.62
     *    104		134		122		0.84
     *    105		133		117		0.83
          151		774		1		0.00
          152		771		1		0.00
          153		770		2		0.00
          161		649		112		0.81
     *    162		648		40		0.41
     *    163		647		37		0.38
     *    164		646		22		0.23
     *    167		643		106		0.79
          168		642		97		0.76
     *    172		641		67		0.61
     *    173		639		127		0.85
     *    179		634		158		0.92
     *    180		633		67		0.61
     *    181		632		135		0.87
     *    182		631		133		0.87
          266		303		91		0.73
          267		302		70		0.62
     *    268		301		96		0.75
          269		300		5		0.01
          275		294		57		0.54
          276		293		20		0.20
     *    277		292		105		0.79
          278		291		81		0.68
     *    279		290		78		0.67
          281		289		68		0.61
     *    282		288		59		0.55
     *    314		403		109		0.80
     *    315		402		104		0.78
     *    316		401		93		0.74
     *    317		400		103		0.78
     *    318		398		111		0.81
     *    321		393		94		0.74
     *    322		392		108		0.80
     *    408		557		95		0.75
     *    409		556		81		0.68
     *    410		555		87		0.71
     *    411		554		103		0.78
     *    412		553		109		0.80
          413		552		124		0.85
          424		543		75		0.65
          425		542		127		0.85
     *    426		541		68		0.61
          427		540		112		0.81
     *    509		522		120		0.83
     *    510		521		119		0.83
     *    511		520		100		0.77
     *    576		626		113		0.81
     *    577		625		53		0.51
          578		624		68		0.61
     *    579		623		145		0.89
          584		619		47		0.46
     *    585		618		54		0.52
     *    586		617		67		0.61
     *    587		616		108		0.80
     *    650		715		53		0.51
          651		714		52		0.50
          652		713		36		0.37
          655		712		8		0.05
     *    658		706		108		0.80
     *    659		705		45		0.45
          660		704		15		0.14
     *    668		702		68		0.61
     *    669		701		98		0.76
     *    670		700		61		0.57
     *    671		699		44		0.44
     *    673		698		43		0.43
     *    674		697		84		0.70
     *    676		695		76		0.66
     *    677		694		108		0.80
          719		769		6		0.03
          720		768		20		0.20
          721		767		31		0.32
          722		765		54		0.52
          723		760		39		0.40
          724		759		31		0.32
          725		758		7		0.04
          726		757		2		0.00
     *    776		797		37		0.38
     *    777		796		35		0.36
          778		795		38		0.39
     *    779		794		36		0.37
          780		793		5		0.01
          781		792		3		0.00
          799		810		32		0.33
          800		809		103		0.78
          801		808		27		0.28
          802		807		2		0.00
          827		865		21		0.21
     *    829		864		56		0.53
          830		863		16		0.16
          831		862		11		0.09
          838		856		1		0.00
     *    839		855		117		0.83
     *    840		854		96		0.75
     *    841		852		133		0.87
          842		851		116		0.82
     *    900		955		75		0.65
     *    901		954		114		0.82
     *    903		951		68		0.61
     *    904		948		123		0.84
     *    905		947		130		0.86
     *    907		946		118		0.83
     *    908		945		149		0.90
     *    909		943		125		0.85
          911		942		109		0.80
     *    913		939		149		0.90
     *    914		938		90		0.73
     *    915		936		99		0.76
     *    916		935		95		0.75
     *    966		1005		97		0.76
     *    967		1004		137		0.88
          968		1000		149		0.90
     *    979		997		83		0.69
          980		996		144		0.89
          981		995		120		0.83
     *    1015		1067		67		0.61
     *    1016		1065		52		0.50
     *    1017		1064		56		0.53
          1018		1063		9		0.07
          1019		1062		12		0.11
          1020		1061		4		0.00
          1029		1060		14		0.13
          1031		1059		18		0.18
          1032		1056		5		0.01
          1033		1055		3		0.00
          1039		1046		3		0.00
          1040		1045		4		0.00
          1093		2054		50		0.49
     *    1094		2053		114		0.82
          1095		2052		12		0.11
          1104		2051		12		0.11
          1114		1809		7		0.04
          1115		1808		47		0.46
          1116		1807		34		0.35
          1117		1806		4		0.00
          1122		1800		7		0.04
          1123		1799		15		0.14
     *    1124		1798		89		0.72
          1662		1792		46		0.46
          1663		1791		86		0.71
          1664		1790		72		0.64
          1665		1789		115		0.82
     *    1668		1784		105		0.79
     *    1669		1783		109		0.80
          1672		1782		78		0.67
          1673		1781		128		0.86
          1674		1780		85		0.70
          1679		1777		42		0.42
          1680		1776		13		0.12
     *    1681		1775		88		0.72
     *    1682		1774		104		0.78
     *    1683		1773		105		0.79
          1684		1772		82		0.69
          1685		1771		92		0.74
     *    1686		1748		140		0.88
     *    1687		1747		67		0.61
          1690		1741		78		0.67
     *    1691		1740		52		0.50
     *    1692		1739		148		0.90
     *    1694		1737		149		0.90
     *    1695		1736		152		0.91
     *    1697		1735		150		0.90
     *    1699		1734		149		0.90
          1700		1733		53		0.51
     *    1704		1725		41		0.41
     *    1705		1724		67		0.61
          1710		1723		19		0.19
     *    1753		1767		77		0.66
          1758		1766		7		0.04
          1759		1765		11		0.09
          1814		1861		4		0.00
     *    1815		1860		34		0.35
     *    1816		1858		121		0.84
     *    1817		1857		97		0.76
          1818		1855		64		0.59
     *    1819		1854		85		0.70
          1824		1852		20		0.20
     *    1825		1851		44		0.44
          1829		1846		19		0.19
     *    1830		1845		80		0.68
          1831		1844		64		0.59
          1832		1843		4		0.00
          1873		2042		52		0.50
     *    1874		2041		50		0.49
     *    1875		2040		70		0.62
          1876		2035		122		0.84
     *    1878		2034		62		0.57
          1879		2033		30		0.31
     *    1881		1998		94		0.74
     *    1882		1997		69		0.62
     *    1883		1996		120		0.83
          1888		1986		32		0.33
     *    1889		1985		121		0.84
     *    1890		1984		110		0.80
     *    1891		1982		67		0.61
     *    1892		1981		167		0.93
     *    1893		1980		147		0.90
     *    1894		1979		139		0.88
          1896		1978		158		0.92
          1899		1977		64		0.59
          1900		1976		75		0.65
          1901		1975		83		0.69
     *    2020		2027		39		0.40
     *    2021		2026		111		0.81
          2056		2092		2		0.00
          2057		2091		2		0.00
          2058		2089		12		0.11
          2069		2082		43		0.43
     *    2070		2081		45		0.45
          2072		2079		42		0.42
     *    2073		2078		81		0.68
          2103		3052		1		0.00
          2104		3051		8		0.05
          2105		3049		2		0.00
          2106		3048		9		0.07
          2107		3047		3		0.00
          2110		3046		4		0.00
          2111		3045		18		0.18
     *    2112		3044		58		0.55
          2113		3043		20		0.20
          2114		3042		34		0.35
          2115		3041		21		0.21
          2116		3040		6		0.03
          2121		3035		2		0.00
          2122		3034		7		0.04
          2126		2990		11		0.09
          2127		2989		38		0.39
     *    2128		2988		85		0.70
          2130		2987		3		0.00
          2131		2986		0		0.00
          2132		2733		4		0.00
          2133		2732		3		0.00
          2134		2730		17		0.17
     *    2135		2729		40		0.41
     *    2137		2728		72		0.64
          2138		2727		84		0.70
          2139		2726		6		0.03
          2140		2725		11		0.09
          2142		2724		14		0.13
          2143		2723		4		0.00
          2144		2721		3		0.00
          2145		2720		5		0.01
          2151		2166		16		0.16
          2152		2165		20		0.20
          2153		2164		25		0.26
          2154		2163		3		0.00
          2177		2716		4		0.00
     *    2178		2715		14		0.13
     *    2179		2714		70		0.62
     *    2180		2713		51		0.50
          2181		2712		67		0.61
          2182		2710		92		0.74
          2183		2709		35		0.36
     *    2195		2253		69		0.62
          2196		2252		50		0.49
     *    2197		2251		114		0.82
     *    2198		2250		158		0.92
     *    2199		2249		116		0.82
          2209		2240		6		0.03
          2210		2239		5		0.01
          2212		2237		11		0.09
          2213		2236		9		0.07
          2215		2235		24		0.25
     *    2216		2234		64		0.59
          2258		2702		35		0.36
          2259		2701		5		0.01
          2261		2700		21		0.21
          2262		2699		5		0.01
          2263		2698		1		0.00
          2264		2697		2		0.00
          2267		2696		2		0.00
          2268		2694		5		0.01
          2269		2688		6		0.03
          2270		2687		36		0.37
          2271		2686		4		0.00
          2272		2684		8		0.05
     *    2273		2683		38		0.39
          2274		2682		5		0.01
          2276		2680		23		0.24
          2280		2329		8		0.05
          2281		2328		48		0.47
          2283		2326		42		0.42
          2284		2325		45		0.45
          2285		2324		3		0.00
          2287		2323		2		0.00
          2288		2300		14		0.13
          2289		2299		55		0.53
     *    2290		2298		44		0.44
          2303		2319		59		0.55
          2304		2318		20		0.20
     *    2305		2317		40		0.41
     *    2306		2316		53		0.51
     *    2335		2675		101		0.77
     *    2336		2674		120		0.83
     *    2337		2673		137		0.88
     *    2338		2672		148		0.90
     *    2340		2581		61		0.57
     *    2342		2579		86		0.71
     *    2343		2578		85		0.70
     *    2345		2577		72		0.64
     *    2346		2576		65		0.59
     *    2347		2575		59		0.55
          2348		2574		49		0.48
     *    2353		2570		64		0.59
     *    2354		2569		42		0.42
          2355		2568		146		0.90
          2356		2567		147		0.90
          2585		2666		60		0.56
          2587		2665		143		0.89
          2588		2664		123		0.84
     *    2589		2663		130		0.86
     *    2590		2662		138		0.88
     *    2591		2661		138		0.88
     *    2593		2660		115		0.82
     *    2594		2659		103		0.78
          2737		2924		29		0.30
     *    2738		2923		110		0.80
     *    2739		2922		171		0.94
     *    2740		2921		123		0.84
     *    2741		2920		125		0.85
     *    2742		2919		157		0.92
          2743		2918		140		0.88
          2749		2871		96		0.75
     *    2750		2870		116		0.82
          2751		2869		2		0.00
     *    2830		2862		62		0.57
          2831		2861		20		0.20
     *    2835		2851		167		0.93
     *    2836		2849		164		0.93
     *    2837		2848		95		0.75
     *    2840		2847		98		0.76
          2934		2980		14		0.13
     *    2938		2976		46		0.46
     *    2939		2974		141		0.89
     *    2940		2973		13		0.12
     *    2941		2972		123		0.84
     *    2942		2971		132		0.87
     *    2943		2969		134		0.87
     *    2944		2968		118		0.83
          2945		2967		46		0.46
     *    2996		3024		72		0.64
     *    2998		3023		99		0.76
          2999		3022		92		0.74
     *    3000		3020		61		0.57
          3001		3019		71		0.63
     *    3003		3017		123		0.84
     *    3005		3016		125		0.85
     *    3006		3015		89		0.72
          3055		3238		3		0.00
          3057		3235		2		0.00
          3058		3234		2		0.00
          3060		3231		8		0.05
          3061		3230		3		0.00
          3064		3228		2		0.00
          3066		3225		57		0.54
          3067		3224		23		0.24
     *    3068		3223		116		0.82
          3069		3222		9		0.07
     *    3070		3221		44		0.44
          3071		3220		35		0.36
     *    3072		3219		39		0.40
          3073		3218		24		0.25
          3076		3215		44		0.44
          3080		3214		16		0.16
     *    3081		3213		113		0.81
     *    3082		3212		99		0.76
     *    3084		3211		101		0.77
     *    3085		3209		91		0.73
     *    3086		3208		138		0.88
     *    3087		3207		139		0.88
     *    3088		3206		141		0.89
          3089		3205		133		0.87
     *    3090		3203		122		0.84
     *    3091		3202		91		0.73
     *    3092		3201		62		0.57
     *    3095		3197		87		0.71
     *    3098		3196		140		0.88
     *    3099		3195		150		0.90
     *    3100		3194		146		0.90
     *    3101		3193		138		0.88
     *    3102		3192		131		0.86
     *    3104		3191		112		0.81
          3105		3190		30		0.31
          3107		3189		5		0.01
          3108		3188		66		0.60
     *    3109		3187		136		0.88
     *    3110		3186		126		0.85
     *    3111		3185		122		0.84
     *    3112		3184		143		0.89
     *    3118		3182		136		0.88
     *    3119		3178		136		0.88
     *    3121		3173		107		0.79
     *    3122		3172		106		0.79
          3123		3171		97		0.76
          3124		3170		105		0.79
          3125		3167		78		0.67
          3130		3164		42		0.42
     *    3131		3163		54		0.52
     *    3132		3162		66		0.60
     *    3133		3161		53		0.51
          3241		3268		12		0.11
          3242		3267		53		0.51
          3243		3266		34		0.35
          3245		3265		31		0.32
          3246		3264		92		0.74
          3247		3263		6		0.03
          3248		3262		4		0.00
          3249		3261		3		0.00
          3250		3260		5		0.01
          3251		3259		2		0.00
#
# BPAIRS 447
# avg substitutions per BP  63.4
# BPAIRS expected to covary 217.0
# BPAIRS observed to covary 205
#
