# R-scape :: RNA Structural Covariation Above Phylogenetic Expectation
# R-scape 1.5.4 elenarivas@fas.harvard.edu (May 2020)
# Copyright (C) 2016-2019 Howard Hughes Medical Institute.
# Freely distributed under the GNU General Public License (GPLv3).
gnuplot not found. Some plots will not display
#-------------------------------------------------------------------------------------------------------
# MSA RF01512_Afu_309 nseq 10 (10) alen 332 (384) avgid 63.51 (62.47) nbpairs 90 (90)
# Two-set statistical test (one test for annotated basepairs, another for all other pairs)
#
#
# Method Target_E-val [cov_min,cov_max] [FP | TP True Found | Sen PPV F] 
# GTp    0.05         [-7.85,11.45]     [0 | 1 90 1 | 1.11 100.00 2.20] 
#
#       left_pos       right_pos        score          E-value       substitutions      power
#-------------------------------------------------------------------------------------------------------
*	     224	     260	8.76415	0.0466003	15		0.14

# The given structure
# SS_cons :::::::::::::::::((((((((<<<<<<-<<<<<<<<<<<<<<<<<--<<<-<<<<_
#
# SS_cons ___>>>>->>>->>>>>>->>->>>>>-->-->>>->>>->>>,,,,,,,<<<<<--<<<
#
# SS_cons -<<<________________________>>>-->>>---------->>>>>)))))))-)
#
# SS_cons :::::::::::<<<---<<<<<<------------<<<<--<<<<<<<<___________
#
# SS_cons _____________>>->>>>>>>>>>------>>>>>->->>>::::<<<<<<<<-----
#
# SS_cons ---<<<<<--<<<----------------------<<<<___>>>>----->>>->>>>>
#
# SS_cons ------>>>>>--->>>:::::::
#

# The given structure

# Power analysis of given structure 
#
# covary  left_pos      right_pos    substitutions      power
#----------------------------------------------------------------
          18		180		7		0.04
          19		178		0		0.00
          20		177		0		0.00
          21		176		2		0.00
          22		175		2		0.00
          23		174		0		0.00
          24		173		0		0.00
          25		172		0		0.00
          26		103		0		0.00
          27		102		7		0.04
          28		101		6		0.03
          29		99		0		0.00
          30		98		1		0.00
          31		97		0		0.00
          33		95		8		0.05
          34		94		16		0.16
          35		93		2		0.00
          36		90		0		0.00
          37		87		0		0.00
          38		86		1		0.00
          39		85		10		0.08
          40		84		15		0.14
          41		83		16		0.16
          42		81		1		0.00
          43		80		15		0.14
          44		78		4		0.00
          45		77		10		0.08
          46		76		8		0.05
          47		75		13		0.12
          48		74		13		0.12
          49		73		15		0.14
          52		71		11		0.09
          53		70		14		0.13
          54		69		2		0.00
          56		67		3		0.00
          57		66		0		0.00
          58		65		0		0.00
          59		64		8		0.05
          111		171		1		0.00
          112		170		5		0.01
          113		169		5		0.01
          114		168		14		0.13
          115		167		8		0.05
          118		156		15		0.14
          119		155		8		0.05
          120		154		1		0.00
          122		151		1		0.00
          123		150		9		0.07
          124		149		0		0.00
          192		283		7		0.04
          193		282		13		0.12
          194		281		13		0.12
          198		279		6		0.03
          199		277		6		0.03
          200		276		9		0.07
          201		275		13		0.12
          202		274		6		0.03
          203		273		0		0.00
          216		266		16		0.16
          217		265		11		0.09
          218		264		8		0.05
          219		263		1		0.00
          222		262		7		0.04
          223		261		15		0.14
     *    224		260		15		0.14
          225		259		6		0.03
          226		258		7		0.04
          227		257		2		0.00
          228		255		2		0.00
          229		254		0		0.00
          288		377		2		0.00
          289		376		13		0.12
          290		375		2		0.00
          291		371		0		0.00
          292		370		7		0.04
          293		369		1		0.00
          294		368		0		0.00
          295		367		2		0.00
          304		360		4		0.00
          305		359		0		0.00
          306		358		2		0.00
          307		357		7		0.04
          308		356		5		0.01
          311		354		9		0.07
          312		353		0		0.00
          313		352		5		0.01
          336		346		5		0.01
          337		345		9		0.07
          338		344		2		0.00
          339		343		4		0.00
#
# BPAIRS 90
# avg substitutions per BP  5.8
# BPAIRS expected to covary 3.7
# BPAIRS observed to covary 1
#
