# R-scape :: RNA Structural Covariation Above Phylogenetic Expectation
# R-scape 1.5.4 elenarivas@fas.harvard.edu (May 2020)
# Copyright (C) 2016-2019 Howard Hughes Medical Institute.
# Freely distributed under the GNU General Public License (GPLv3).
gnuplot not found. Some plots will not display
#-------------------------------------------------------------------------------------------------------
# MSA RF01265_snR42 nseq 5 (5) alen 352 (358) avgid 84.21 (83.97) nbpairs 107 (107)
# Two-set statistical test (one test for annotated basepairs, another for all other pairs)
#
#
# Method Target_E-val [cov_min,cov_max] [FP | TP True Found | Sen PPV F] 
# GTp    0.05         [-1.42,4.28]     [0 | 0 107 0 | 0.00 0.00 0.00] 
#
#       left_pos       right_pos        score          E-value       substitutions      power
#-------------------------------------------------------------------------------------------------------
no significant pairs

# The given structure
# SS_cons :::::::::::::(((((((,,<<<<<<<-<<<<<--<<<<<<<<<<<<<----<<<<<-
#
# SS_cons <<<_______>>>->>>>>---->>>>>----------->>>>>>>>>>>>>>>>>>>>,
#
# SS_cons ,,,,,,,,,,,,,<<<<<----<<<<--<<<<<<-<<<<<<<<<______>>>>>>>>>-
#
# SS_cons >>->>>>->>>>-->->>>>,,,,,,,,)))))))::::::::::<<<<<<<-<<-<<<<
#
# SS_cons <_____>>>>>>>->>>>>>>:::<<<<<<<-------<<<<<<<<<<---<<<<<<<<<
#
# SS_cons <<<______>>>>-->>>>>>>>----->>>>>>>>>>------>>->>>>>::::::
#

# The given structure

# Power analysis of given structure 
#
# covary  left_pos      right_pos    substitutions      power
#----------------------------------------------------------------
          14		215		0		0.00
          15		214		0		0.00
          16		213		3		0.00
          17		212		0		0.00
          18		211		0		0.00
          19		210		0		0.00
          20		209		1		0.00
          23		119		0		0.00
          24		118		4		0.00
          25		117		1		0.00
          26		116		1		0.00
          27		115		0		0.00
          28		114		3		0.00
          29		113		0		0.00
          31		112		0		0.00
          32		111		0		0.00
          33		110		1		0.00
          34		109		0		0.00
          35		108		2		0.00
          38		107		0		0.00
          39		106		6		0.03
          40		105		1		0.00
          41		104		1		0.00
          42		103		0		0.00
          43		102		0		0.00
          44		101		0		0.00
          45		100		4		0.00
          46		88		0		0.00
          47		87		0		0.00
          48		86		0		0.00
          49		85		0		0.00
          50		84		4		0.00
          55		79		1		0.00
          56		78		2		0.00
          57		77		7		0.04
          58		76		0		0.00
          59		75		4		0.00
          61		73		1		0.00
          62		72		1		0.00
          63		71		0		0.00
          134		200		1		0.00
          135		199		1		0.00
          136		198		1		0.00
          137		197		1		0.00
          138		195		0		0.00
          143		192		0		0.00
          144		191		2		0.00
          145		190		4		0.00
          146		189		3		0.00
          149		187		3		0.00
          150		186		2		0.00
          151		185		1		0.00
          152		184		1		0.00
          153		182		0		0.00
          154		181		1		0.00
          156		179		2		0.00
          157		178		0		0.00
          158		177		0		0.00
          159		176		0		0.00
          160		175		1		0.00
          161		174		0		0.00
          162		173		0		0.00
          163		172		0		0.00
          164		171		0		0.00
          226		261		0		0.00
          227		260		0		0.00
          228		259		0		0.00
          229		258		0		0.00
          230		257		1		0.00
          231		256		2		0.00
          232		255		1		0.00
          234		253		0		0.00
          235		252		0		0.00
          237		251		0		0.00
          238		250		4		0.00
          239		249		1		0.00
          240		248		0		0.00
          241		247		0		0.00
          265		352		0		0.00
          266		351		0		0.00
          267		350		0		0.00
          268		349		0		0.00
          269		348		0		0.00
          270		346		0		0.00
          271		345		0		0.00
          279		338		0		0.00
          280		337		0		0.00
          281		336		0		0.00
          282		335		1		0.00
          283		334		0		0.00
          284		333		0		0.00
          285		332		0		0.00
          286		331		0		0.00
          287		330		0		0.00
          288		329		0		0.00
          292		323		0		0.00
          293		322		0		0.00
          294		321		0		0.00
          295		320		0		0.00
          296		319		0		0.00
          297		318		0		0.00
          298		317		0		0.00
          299		316		0		0.00
          300		313		0		0.00
          301		312		4		0.00
          302		311		0		0.00
          303		310		5		0.01
#
# BPAIRS 107
# avg substitutions per BP  0.9
# BPAIRS expected to covary 0.1
# BPAIRS observed to covary 0
#
