# R-scape :: RNA Structural Covariation Above Phylogenetic Expectation
# R-scape 1.5.16 elenarivas@fas.harvard.edu (August 2020)
# Copyright (C) 2016-2019 Howard Hughes Medical Institute.
# Freely distributed under the GNU General Public License (GPLv3).
#-------------------------------------------------------------------------------------------------------
# MSA RF00551_bicoid_3 nseq 15 (15) alen 565 (643) avgid 76.92 (75.20) nbpairs 156 (156)
# Two-set statistical test (one test for annotated basepairs, another for all other pairs)
#
#
# Method Target_E-val [cov_min,cov_max] [FP | TP True Found | Sen PPV F] 
# GTp    0.05         [-8.69,17.33]     [0 | 2 156 2 | 1.28 100.00 2.53] 
#
#       left_pos       right_pos        score          E-value       substitutions      power
#-------------------------------------------------------------------------------------------------------
*	      85	     189	16.61973	0.00343655	4		0.00
*	       4	     640	13.08862	0.0371757	7		0.04

# The given structure
# SS_cons [[[[--[[[[[[[--[[[[[[---[[[[[[[[[[,,,,,,,,,,,,,,,,,,,,,,,,,,
#
# SS_cons ,,,,,,,,,,<<<<<<<-<<-<<<<<<<<----<<<-<<<<<<<<<-<<<<---<<<<-<
#
# SS_cons <<____________>>>->>->>-->>>>->>>>>>>>>>>>------------------
#
# SS_cons ---->>>>>>>>->>->>>>>>>,,,,,,,,,,,,,,,,,,,,,,,,,(((((((-----
#
# SS_cons ----((((((((-(((--(-((((--((((,,<<<<-<<<<<<<<-------<<-<<---
#
# SS_cons --<<<<<<-----<<<<<<<<-<<<<<<<--<<<<<________________________
#
# SS_cons ________>>>>>->>>-->>>>-->>>>>>>>----------->>>>>>----------
#
# SS_cons >>->>-->>->>>>>>->>>-><-<<-<<-<<<---------<<<<<<<<<<<<______
#
# SS_cons __>>>>>->>-->>>>>--------------->>>-->>->>>,,))))--))))----)
#
# SS_cons )))))))))))-------))))))),,,,,,,,,,,,,,,,,,,,,,,,,,,,,,,,,,,
#
# SS_cons ,,,,,,,,,,]]]]]]]]]]---]]]]]]-]]]]]]]--]]]]
#

# Power analysis of given structure 
#
# covary  left_pos      right_pos    substitutions      power
#----------------------------------------------------------------
          1		643		3		0.00
          2		642		5		0.01
          3		641		4		0.00
     *    4		640		7		0.04
          7		637		6		0.03
          8		636		3		0.00
          9		635		3		0.00
          10		634		4		0.00
          11		633		3		0.00
          12		632		0		0.00
          13		631		0		0.00
          16		629		3		0.00
          17		628		0		0.00
          18		627		1		0.00
          19		626		1		0.00
          20		625		2		0.00
          21		624		1		0.00
          25		620		0		0.00
          26		619		2		0.00
          27		618		4		0.00
          28		617		3		0.00
          29		616		0		0.00
          30		615		3		0.00
          31		614		2		0.00
          32		613		0		0.00
          33		612		0		0.00
          34		611		1		0.00
          71		203		0		0.00
          72		202		0		0.00
          73		201		0		0.00
          74		200		0		0.00
          75		199		3		0.00
          76		198		2		0.00
          77		197		2		0.00
          79		195		3		0.00
          80		194		0		0.00
          82		192		2		0.00
          83		191		0		0.00
          84		190		2		0.00
     *    85		189		4		0.00
          86		188		0		0.00
          87		187		2		0.00
          88		186		3		0.00
          89		185		0		0.00
          94		162		1		0.00
          95		161		3		0.00
          96		160		2		0.00
          98		159		0		0.00
          99		158		1		0.00
          100		157		2		0.00
          101		156		3		0.00
          102		155		6		0.03
          103		154		2		0.00
          104		153		2		0.00
          105		152		2		0.00
          106		151		4		0.00
          108		149		3		0.00
          109		148		0		0.00
          110		147		1		0.00
          111		146		0		0.00
          115		143		0		0.00
          116		142		5		0.01
          117		140		4		0.00
          118		139		3		0.00
          120		137		1		0.00
          121		136		1		0.00
          122		135		2		0.00
          229		565		5		0.01
          230		564		1		0.00
          231		563		4		0.00
          232		562		1		0.00
          233		561		6		0.03
          234		560		6		0.03
          235		559		5		0.01
          245		551		3		0.00
          246		550		5		0.01
          247		549		2		0.00
          248		548		6		0.03
          249		547		3		0.00
          250		546		2		0.00
          251		545		3		0.00
          252		544		2		0.00
          254		543		2		0.00
          255		542		3		0.00
          256		541		5		0.01
          259		540		2		0.00
          261		535		3		0.00
          262		534		3		0.00
          263		533		2		0.00
          264		532		4		0.00
          267		529		2		0.00
          268		528		0		0.00
          269		527		3		0.00
          270		526		4		0.00
          273		442		3		0.00
          274		440		2		0.00
          275		439		1		0.00
          276		438		0		0.00
          278		436		0		0.00
          279		435		0		0.00
          280		434		0		0.00
          281		433		2		0.00
          282		432		1		0.00
          283		431		0		0.00
          284		429		2		0.00
          285		428		2		0.00
          293		425		0		0.00
          294		424		2		0.00
          296		422		1		0.00
          297		421		2		0.00
          303		410		1		0.00
          304		409		1		0.00
          305		408		1		0.00
          306		407		3		0.00
          307		406		0		0.00
          308		405		2		0.00
          314		393		0		0.00
          315		392		0		0.00
          316		391		0		0.00
          317		390		1		0.00
          318		389		0		0.00
          319		388		0		0.00
          320		387		0		0.00
          321		386		0		0.00
          323		383		0		0.00
          324		382		0		0.00
          325		381		0		0.00
          326		380		0		0.00
          327		377		3		0.00
          328		376		3		0.00
          329		375		3		0.00
          332		373		2		0.00
          333		372		0		0.00
          334		371		0		0.00
          335		370		0		0.00
          336		369		0		0.00
          443		523		0		0.00
          445		522		4		0.00
          446		521		2		0.00
          448		519		0		0.00
          449		518		3		0.00
          451		515		1		0.00
          452		514		3		0.00
          453		513		0		0.00
          463		497		1		0.00
          464		496		2		0.00
          465		495		2		0.00
          466		494		2		0.00
          467		493		3		0.00
          468		490		1		0.00
          469		489		0		0.00
          470		487		1		0.00
          471		486		0		0.00
          472		485		0		0.00
          473		484		0		0.00
          474		483		0		0.00
#
# BPAIRS 156
# avg substitutions per BP  1.8
# BPAIRS expected to covary 0.2 +/- 0.5
# BPAIRS observed to covary 2
#
