# R-scape :: RNA Structural Covariation Above Phylogenetic Expectation
# R-scape 1.5.16 elenarivas@fas.harvard.edu (August 2020)
# Copyright (C) 2016-2019 Howard Hughes Medical Institute.
# Freely distributed under the GNU General Public License (GPLv3).
#-------------------------------------------------------------------------------------------------------
# MSA RF00177_SSU_rRNA_bacteria nseq 99 (99) alen 1565 (1980) avgid 73.00 (72.61) nbpairs 462 (462)
# Two-set statistical test (one test for annotated basepairs, another for all other pairs)
#
#
# Method Target_E-val [cov_min,cov_max] [FP | TP True Found | Sen PPV F] 
# GTp    0.05         [-9.78,244.46]     [1 | 241 462 242 | 52.16 99.59 68.47] 
#
#       left_pos       right_pos        score          E-value       substitutions      power
#-------------------------------------------------------------------------------------------------------
*	    1093	    1194	244.45753	8.52473e-18	72		0.64
*	    1348	    1356	233.16462	7.41318e-17	85		0.70
*	    1652	    1707	232.25979	8.7834e-17	78		0.67
*	    1500	    1556	227.71459	2.13958e-16	93		0.74
*	     930	    1002	226.06111	3.00339e-16	93		0.74
*	    1094	    1193	224.91002	3.71244e-16	75		0.65
*	     943	     971	224.48420	4.0409e-16	74		0.65
*	     756	     797	213.84781	3.08972e-15	75		0.65
*	    1325	    1418	212.89421	3.81876e-15	109		0.80
*	     309	     320	210.48644	6.08575e-15	93		0.74
*	    1653	    1706	210.27984	6.3491e-15	78		0.67
*	     308	     321	209.77175	6.91047e-15	88		0.72
*	     686	     745	209.41111	7.52147e-15	100		0.77
*	    1310	    1626	207.37529	1.10121e-14	68		0.61
*	     555	     568	207.25717	1.14886e-14	72		0.64
*	     687	     744	207.01605	1.19857e-14	77		0.66
*	     922	    1009	206.50754	1.30453e-14	90		0.73
*	     871	     885	206.31206	1.36097e-14	101		0.77
*	     931	    1001	205.07111	1.75474e-14	72		0.64
*	      97	     109	204.14431	2.07867e-14	103		0.78
*	     643	     678	202.38576	2.91691e-14	91		0.73
*	    1724	    1741	201.84549	3.17471e-14	74		0.65
*	    1095	    1192	199.30078	5.27692e-14	62		0.57
*	     833	    1028	196.58180	8.77056e-14	66		0.60
*	    1566	    1579	195.31043	1.13068e-13	67		0.61
*	     525	     544	194.95270	1.23057e-13	48		0.47
*	    1104	    1164	191.57656	2.32192e-13	55		0.53
*	      59	     594	191.39874	2.4223e-13	57		0.54
*	     873	     883	190.46341	2.86912e-13	83		0.69
*	     475	     519	187.84400	4.76748e-13	57		0.54
*	    1324	    1419	186.76325	5.89075e-13	85		0.70
*	     312	     317	185.30006	7.92128e-13	73		0.64
*	     296	     332	184.13797	9.78729e-13	79		0.67
*	     933	     999	182.61989	1.31603e-12	63		0.58
*	    1833	    1915	182.42050	1.37289e-12	64		0.59
*	    1109	    1160	181.40550	1.62599e-12	85		0.70
*	     921	    1010	181.49630	1.62599e-12	82		0.69
*	     529	     538	180.34949	2.00892e-12	58		0.55
*	    1568	    1577	179.72664	2.2807e-12	83		0.69
*	     606	     626	178.14767	3.06644e-12	54		0.52
*	    1858	    1892	177.96667	3.19889e-12	76		0.66
*	     870	     886	177.82254	3.33707e-12	65		0.59
*	    1677	    1682	175.26289	5.31332e-12	62		0.57
*	     292	     457	174.73451	6.03185e-12	89		0.72
*	    1326	    1417	172.14843	1.00176e-11	98		0.76
*	     757	     796	171.20583	1.1863e-11	55		0.53
*	      98	     108	171.26927	1.1863e-11	87		0.71
*	     855	     899	169.90543	1.52872e-11	60		0.56
*	    1654	    1705	169.09031	1.81027e-11	58		0.55
*	      96	     110	168.95854	1.81027e-11	92		0.74
*	    1037	    1077	168.78305	1.88841e-11	54		0.52
*	     944	     970	168.43215	2.05496e-11	40		0.41
*	    1113	    1157	167.36934	2.43338e-11	81		0.68
*	     856	     898	165.27479	3.71285e-11	81		0.68
*	     767	     792	164.99706	3.87307e-11	47		0.46
*	     350	     361	164.81358	4.0402e-11	92		0.74
*	     293	     456	164.66601	4.21453e-11	56		0.53
*	     834	    1027	162.97409	5.90901e-11	60		0.56
*	     290	     459	162.54614	6.16395e-11	86		0.71
*	     685	     746	161.35139	7.94175e-11	82		0.69
*	    1502	    1554	160.03354	1.0232e-10	55		0.53
*	    1215	    1224	159.89112	1.06733e-10	59		0.55
*	    1567	    1578	159.62344	1.11337e-10	74		0.65
*	    1051	    1066	159.53223	1.11337e-10	44		0.44
*	    1322	    1421	159.31904	1.16139e-10	70		0.62
*	     846	     908	155.83202	2.28217e-10	93		0.74
*	     860	     895	155.56976	2.38057e-10	87		0.71
*	     383	     452	155.44233	2.4832e-10	86		0.71
*	     941	     973	154.70207	2.81842e-10	49		0.48
*	     605	     627	153.99621	3.19887e-10	44		0.44
*	    1770	    1782	153.88975	3.33676e-10	56		0.53
*	    1675	    1684	153.57205	3.4806e-10	88		0.72
*	     656	     668	153.61971	3.4806e-10	54		0.52
*	    1347	    1357	153.14586	3.78713e-10	102		0.78
*	    1498	    1558	152.29715	4.48352e-10	54		0.52
*	     276	     468	150.98411	5.77522e-10	62		0.57
*	     613	     621	150.81788	6.02409e-10	54		0.52
*	     310	     319	150.69664	6.28369e-10	92		0.74
*	     644	     677	150.28699	6.55447e-10	58		0.55
*	     289	     460	149.90747	7.13151e-10	72		0.64
*	     604	     628	149.37837	8.09364e-10	39		0.40
*	     340	     372	148.60655	9.1855e-10	69		0.62
*	    1349	    1355	148.49809	9.58123e-10	70		0.62
*	     932	    1000	148.21183	9.99401e-10	62		0.57
*	     474	     520	147.43036	1.13421e-09	40		0.41
*	     844	     911	147.32129	1.18306e-09	90		0.73
*	    1327	    1416	146.04192	1.52369e-09	90		0.73
*	    1676	    1683	145.49619	1.65777e-09	52		0.50
*	     349	     362	144.49052	2.04682e-09	102		0.78
*	    1650	    1708	143.13370	2.63592e-09	75		0.65
*	    1722	    1743	141.48186	3.69297e-09	52		0.50
*	     869	     888	141.13754	3.85193e-09	67		0.61
*	     283	     465	141.26884	3.85193e-09	46		0.46
*	     311	     318	140.96616	4.01773e-09	81		0.68
*	     291	     458	139.84454	4.96005e-09	96		0.75
*	     847	     907	138.86946	5.87058e-09	102		0.78
*	     482	     510	138.58306	6.38668e-09	47		0.46
*	     277	     467	138.04668	6.94811e-09	46		0.46
*	    1663	    1696	137.16231	8.22327e-09	55		0.53
*	    1367	    1408	136.48424	9.33086e-09	47		0.46
*	    1111	    1159	135.63118	1.10429e-08	54		0.52
*	    1250	    1805	135.48945	1.15179e-08	36		0.37
*	    1039	    1075	135.22399	1.20133e-08	38		0.39
*	    1856	    1894	134.00056	1.54661e-08	45		0.45
*	    1857	    1893	132.70487	1.99103e-08	69		0.62
*	    1727	    1738	132.65810	1.99103e-08	34		0.35
*	     479	     517	130.98694	2.67319e-08	34		0.35
*	     942	     972	130.95421	2.78809e-08	36		0.37
*	     645	     676	130.93968	2.78809e-08	48		0.47
*	     951	     960	130.63349	2.90792e-08	37		0.38
*	    1949	    1954	130.33345	3.0329e-08	42		0.42
*	     859	     896	129.07500	3.90387e-08	98		0.76
*	    1838	    1910	128.07106	4.81773e-08	67		0.61
*	      31	     808	127.74172	5.0247e-08	31		0.32
*	    1769	    1783	127.60241	5.24055e-08	55		0.53
*	    1514	    1541	127.42132	5.46566e-08	51		0.50
*	     655	     669	127.06981	5.70044e-08	40		0.41
*	    1344	    1360	126.81731	5.94528e-08	80		0.68
*	     551	     572	126.20670	6.7447e-08	47		0.46
*	     848	     906	125.39312	7.98005e-08	94		0.74
*	    1948	    1955	125.00271	8.68007e-08	42		0.42
*	     476	     518	124.95491	8.68007e-08	53		0.51
*	     275	     469	124.42565	9.44142e-08	62		0.57
*	    1114	    1156	123.86908	1.07103e-07	67		0.61
*	     614	     620	123.83744	1.07103e-07	49		0.48
*	    1098	    1191	123.04116	1.26711e-07	40		0.41
*	     874	     882	122.62509	1.37821e-07	63		0.58
*	    1865	    1888	122.30002	1.43736e-07	66		0.60
*	     338	     375	122.28053	1.43736e-07	75		0.65
*	    1311	    1625	121.90304	1.56337e-07	53		0.51
*	    1515	    1540	119.84702	2.28169e-07	57		0.54
*	    1826	    1922	118.70683	2.8148e-07	26		0.27
*	    1345	    1359	118.41454	3.06139e-07	82		0.69
*	     924	    1007	117.74013	3.47231e-07	88		0.72
*	      30	     809	117.67239	3.47231e-07	23		0.24
*	     351	     360	117.28263	3.77642e-07	57		0.54
*	    1313	    1623	116.20941	4.65822e-07	61		0.57
*	    1115	    1155	116.17737	4.65822e-07	63		0.58
*	    1278	    1632	116.06117	4.85786e-07	24		0.25
*	      73	     251	115.97567	4.85786e-07	57		0.54
*	    1430	    1614	114.90890	5.99181e-07	28		0.29
*	      95	     111	113.22334	8.03668e-07	99		0.76
*	    1768	    1784	113.08515	8.38088e-07	41		0.41
*	     694	     737	112.57802	9.11408e-07	34		0.35
*	    1454	    1461	112.46587	9.50436e-07	26		0.27
*	     294	     455	112.09260	1.03357e-06	42		0.42
*	    1855	    1895	111.81577	1.07782e-06	70		0.62
*	     845	     910	110.61821	1.32913e-06	75		0.65
*	     344	     368	110.65950	1.32913e-06	77		0.66
*	     284	     464	110.29362	1.44534e-06	37		0.38
*	      50	     634	109.99803	1.50719e-06	29		0.30
*	    1368	    1407	108.45005	2.02083e-06	48		0.47
*	      94	     113	108.01087	2.1974e-06	83		0.69
*	     919	    1013	105.89112	3.33993e-06	44		0.44
*	    1216	    1223	105.56651	3.48268e-06	64		0.59
*	     339	     374	105.60723	3.48268e-06	57		0.54
*	    1827	    1921	105.03734	3.94852e-06	28		0.29
*	     701	     729	104.89527	3.94852e-06	56		0.53
*	    1725	    1740	103.50891	5.29185e-06	28		0.29
*	    1346	    1358	103.18835	5.51785e-06	89		0.72
*	     923	    1008	103.25361	5.51785e-06	52		0.50
*	     306	     323	102.86170	5.99917e-06	54		0.52
*	    1832	    1916	102.62434	6.25532e-06	19		0.19
*	     341	     370	102.34834	6.52239e-06	83		0.69
*	    1771	    1781	100.15004	9.90612e-06	34		0.35
*	     530	     537	99.61090	1.12286e-05	26		0.27
*	     273	     471	99.38092	1.17075e-05	24		0.25
*	    1845	    1904	99.09508	1.22067e-05	63		0.58
*	     492	     502	98.60070	1.32699e-05	78		0.67
*	    1328	    1415	96.88944	1.853e-05	65		0.59
*	     384	     451	95.99127	2.18948e-05	64		0.59
*	    1270	    1641	95.61092	2.37992e-05	24		0.25
*	      32	     807	95.61062	2.37992e-05	44		0.44
*	    1841	    1907	95.22460	2.5869e-05	74		0.65
*	    1266	    1754	95.19227	2.5869e-05	20		0.20
*	      54	     596	95.16943	2.5869e-05	12		0.11
*	    1438	    1605	94.91764	2.69703e-05	27		0.28
*	    1941	    1964	93.52247	3.46323e-05	25		0.26
*	     552	     571	92.30878	4.44643e-05	23		0.24
*	    1366	    1409	92.04554	4.63547e-05	64		0.59
*	    1499	    1557	91.52222	5.03792e-05	55		0.53
*	    1847	    1902	90.70824	5.95036e-05	49		0.48
*	    1271	    1640	89.57209	7.32593e-05	25		0.26
*	     703	     727	88.67269	8.65126e-05	76		0.66
*	     689	     742	88.57835	9.01838e-05	35		0.36
*	     841	    1019	87.98260	0.000102155	38		0.39
*	    1264	    1756	87.69102	0.000106488	20		0.20
*	     984	     997	86.73370	0.000125729	43		0.43
*	     702	     728	86.59564	0.000131058	62		0.57
*	     524	     545	85.61489	0.000154722	22		0.23
*	    1466	    1477	83.05718	0.00025443	30		0.31
*	     940	     974	82.59749	0.000276397	25		0.26
*	     683	     751	80.99019	0.000369245	61		0.57
*	    1501	    1555	80.12356	0.000435634	55		0.53
*	     755	     798	79.20439	0.00053556	27		0.28
*	      51	     632	79.00720	0.00055813	42		0.42
*	    1766	    1786	78.29937	0.000631677	12		0.11
*	    1343	    1361	78.30182	0.000631677	91		0.73
*	     768	     791	77.63226	0.000714863	21		0.21
*	     854	     900	75.70755	0.00103561	20		0.20
*	     835	    1026	75.41781	0.00107911	33		0.34
*	     684	     747	75.40783	0.00107911	84		0.70
*	    1320	    1423	74.94361	0.00117161	18		0.18
*	     823	    1197	74.84048	0.00122078	17		0.17
*	     765	     794	74.22049	0.00132535	20		0.20
*	     918	    1014	73.81953	0.00143882	19		0.19
*	     688	     743	73.33916	0.00156193	23		0.24
*	      49	     635	73.32547	0.00156193	26		0.27
*	      74	     249	73.51582	0.00156193	19		0.19
*	     861	     894	72.48452	0.00184042	23		0.24
*	    1844	    1905	72.14060	0.00199763	64		0.59
*	    1312	    1624	70.94830	0.00245143	19		0.19
*	     857	     897	69.48185	0.00326324	72		0.64
*	    1365	    1410	67.82354	0.0045212	54		0.52
*	    1726	    1739	66.44681	0.00576989	14		0.13
*	     300	     330	65.63370	0.00678615	28		0.29
*	     345	     367	65.21894	0.00706671	86		0.71
*	      93	     115	64.92262	0.00766265	83		0.69
*	    1050	    1067	64.14701	0.00865079	13		0.12
*	     575	     584	64.18398	0.00865079	18		0.18
*	    1503	    1553	63.96069	0.00900734	37		0.38
~	     681	     750	105.61573	0.00922206	39		0.40
*	     271	     473	62.69996	0.0114719	59		0.55
*	     925	    1006	61.56172	0.0140242	24		0.25
*	     297	     331	61.58351	0.0140242	69		0.62
*	     346	     365	61.39519	0.0145979	89		0.72
*	    1108	    1161	61.13049	0.0151947	14		0.13
*	     934	     998	60.79111	0.0164611	52		0.50
*	    1871	    1884	60.32217	0.017831	20		0.20
*	    1252	    1803	60.20969	0.017831	6		0.03
*	    1829	    1919	59.80657	0.0193124	8		0.05
*	    1112	    1158	59.49432	0.0209142	32		0.33
*	    1655	    1704	58.20556	0.0255085	72		0.64
*	    1272	    1639	57.61000	0.0287233	8		0.05
*	    1099	    1190	57.53170	0.0287233	12		0.11
*	    1860	    1891	57.49370	0.02988	52		0.50
*	     272	     472	57.30947	0.02988	12		0.11
*	    1263	    1757	56.90048	0.0323309	12		0.11
*	     486	     508	56.28164	0.0363768	14		0.13
*	    1837	    1911	55.39116	0.0425395	49		0.48
*	    1945	    1958	54.88129	0.0478096	23		0.24
*	     523	     546	54.78225	0.0478096	20		0.20

# The given structure
# SS_cons ::::::::<<<<<_________>>>>>:{{{{-{{{{{{,,{-{{{--{{{{,{----{{
#
# SS_cons {-{{{,,<<<--<<<-<<-------------<<<<<<<_________>>>>->->>----
#
# SS_cons ------------------------------------------------------------
#
# SS_cons ------------------------------------------------------------
#
# SS_cons --->>-->>->>>>,,,,,,,[[[,,,,,,((((((((----((---(((((((,<<--<
#
# SS_cons <----<<<<<<<____>>>>>>>----->>>>,,,,,<<<<--<<<--<<<________>
#
# SS_cons >>-->->>->->->>,,,,,,<<<____________________________________
#
# SS_cons ______________________________>>>,)))))))--))))))))))<<<--<-
#
# SS_cons <<<--<<<<<<<<_______>>>>>>>>>>>----->>>>,,<<<<-<<<<____>>>>-
#
# SS_cons -->>>>]]],<<<<<<__________>>>>>>,<<<<____>>>>,,,}}}}}}-},,,,
#
# SS_cons ,<-<<<---<<<<<_____>>>>>->>>>,}}-}}}}}},,<<<<--------<<<<___
#
# SS_cons ______>>>>----->>>>,,,<<<<<<<----<------<<<_________________
#
# SS_cons ______>>>------->---->>>>>>--->,,<<<<<------<<<<<-----<<____
#
# SS_cons >>------->>>>>>>>>>,}}}}}}}}}}::::::::::{{{-----{,[-[[[-[-[[
#
# SS_cons [,<<<<<<<--<<<<<<-<<<<<----<<<<-<<<_____>>>->>->>-->>>>>>>>>
#
# SS_cons -->>>>>>->>>,,,,(((((((((--(((((((<<--<<<<<<<<---<<<______>>
#
# SS_cons >------>>>>>>>>-->>,,,,<----<<____>>>)))))))-))))))-))),,,]]
#
# SS_cons ]]---]]]],,,,,<<<-<<<---<<---<<<<__________>>>>--->>>>>->>>,
#
# SS_cons ,,,,,,,,,,,((((--((,,,<<-<<<<-<<<<<<________________________
#
# SS_cons _____________>>>>>>>>>>>>,,,,,,,,,,,<<____>>,,,,,))))))}}}}:
#
# SS_cons ::<<<--------<<<<____>>>>---->>>:::::::::{{{{{-{{{{{{{--{{,,
#
# SS_cons ,{{{{{{{{{{{{{{{{{,,,,<<<<________>>>>,,,,,,,,,{{{{{{{,,,,,(
#
# SS_cons ((-(((((,,,,,,,,,,,,,,<<<<<<<_____>>>>>>>,,,<<<<____________
#
# SS_cons __________________________>>>>,,,,)))))-))),[-[-[[[[--[[[[[[
#
# SS_cons [[[,,,((((((<<<____>>>,,<<<<______>>>>,,,)))))),,,,,((((,<<<
#
# SS_cons <<<<---<<---<<<________________________>>>-->>----->>>>>>>,,
#
# SS_cons <<<<<<<<________>>>>->>>>,,,,,)))),,,,]]]]-]]]---]]]]]]]],,,
#
# SS_cons ,}}}}}}},,,}}-}}}}}}}}}},,,<<<-<<<<------<<<-----<<---<<<___
#
# SS_cons _>>>---->>---->>>------>>>>>>>,,,,,,<---<<<<<<<<________>>>>
#
# SS_cons >>>>--->,,,,,}}}}},,,,,<<<<<<<<_________>>>>>>>>,,,,,,}}----
#
# SS_cons }}}}}}}}}}-}}::<-<<-<<---<<<<<<<<--<<<<<<-<<<-<<<----<<<<<-<
#
# SS_cons ---<<<<---<<__________>>->>>>->>>>>>--->>>->>>>>>>>>-->>>>>>
#
# SS_cons >>------>>-->>-->:<<<-<<<<<<<____>>>>>>>--->>->:::::::::::::
#

# Power analysis of given structure 
#
# covary  left_pos      right_pos    substitutions      power
#----------------------------------------------------------------
          9		27		1		0.00
          10		26		7		0.04
          11		25		5		0.01
          12		24		3		0.00
          13		23		4		0.00
          29		810		3		0.00
     *    30		809		23		0.24
     *    31		808		31		0.32
     *    32		807		44		0.44
          34		806		2		0.00
          35		805		1		0.00
          36		804		6		0.03
          37		803		1		0.00
          38		802		4		0.00
          39		801		1		0.00
          42		639		3		0.00
          44		638		8		0.05
          45		637		11		0.09
          46		636		9		0.07
     *    49		635		26		0.27
     *    50		634		29		0.30
     *    51		632		42		0.42
          52		631		2		0.00
     *    54		596		12		0.11
     *    59		594		57		0.54
          60		593		22		0.23
          61		592		2		0.00
          63		591		0		0.00
          64		590		0		0.00
          65		589		0		0.00
          68		254		2		0.00
          69		253		2		0.00
          70		252		6		0.03
     *    73		251		57		0.54
     *    74		249		19		0.19
          75		248		10		0.08
          77		245		64		0.59
          78		244		67		0.61
          92		116		77		0.66
     *    93		115		83		0.69
     *    94		113		83		0.69
     *    95		111		99		0.76
     *    96		110		92		0.74
     *    97		109		103		0.78
     *    98		108		87		0.71
          262		549		6		0.03
          263		548		8		0.05
          264		547		8		0.05
     *    271		473		59		0.55
     *    272		472		12		0.11
     *    273		471		24		0.25
          274		470		18		0.18
     *    275		469		62		0.57
     *    276		468		62		0.57
     *    277		467		46		0.46
          278		466		41		0.41
     *    283		465		46		0.46
     *    284		464		37		0.38
          288		461		2		0.00
     *    289		460		72		0.64
     *    290		459		86		0.71
     *    291		458		96		0.75
     *    292		457		89		0.72
     *    293		456		56		0.53
     *    294		455		42		0.42
     *    296		332		79		0.67
     *    297		331		69		0.62
     *    300		330		28		0.29
          301		329		9		0.07
     *    306		323		54		0.52
          307		322		24		0.25
     *    308		321		88		0.72
     *    309		320		93		0.74
     *    310		319		92		0.74
     *    311		318		81		0.68
     *    312		317		73		0.64
     *    338		375		75		0.65
     *    339		374		57		0.54
     *    340		372		69		0.62
     *    341		370		83		0.69
     *    344		368		77		0.66
     *    345		367		86		0.71
     *    346		365		89		0.72
     *    349		362		102		0.78
     *    350		361		92		0.74
     *    351		360		57		0.54
          382		453		26		0.27
     *    383		452		86		0.71
     *    384		451		64		0.59
     *    474		520		40		0.41
     *    475		519		57		0.54
     *    476		518		53		0.51
     *    479		517		34		0.35
          481		511		1		0.00
     *    482		510		47		0.46
          483		509		6		0.03
     *    486		508		14		0.13
          487		507		12		0.11
          488		506		1		0.00
          489		505		2		0.00
          490		504		17		0.17
          491		503		51		0.50
     *    492		502		78		0.67
          493		501		2		0.00
     *    523		546		20		0.20
     *    524		545		22		0.23
     *    525		544		48		0.47
          526		543		0		0.00
          528		539		34		0.35
     *    529		538		58		0.55
     *    530		537		26		0.27
          531		536		0		0.00
     *    551		572		47		0.46
     *    552		571		23		0.24
          553		570		2		0.00
          554		569		8		0.05
     *    555		568		72		0.64
          556		567		0		0.00
          574		585		4		0.00
     *    575		584		18		0.18
          576		583		6		0.03
          577		582		2		0.00
          602		629		10		0.08
     *    604		628		39		0.40
     *    605		627		44		0.44
     *    606		626		54		0.52
          610		624		1		0.00
          611		623		2		0.00
          612		622		10		0.08
     *    613		621		54		0.52
     *    614		620		49		0.48
          642		679		2		0.00
     *    643		678		91		0.73
     *    644		677		58		0.55
     *    645		676		48		0.47
          654		670		26		0.27
     *    655		669		40		0.41
     *    656		668		54		0.52
          657		667		30		0.31
     *    683		751		61		0.57
     *    684		747		84		0.70
     *    685		746		82		0.69
     *    686		745		100		0.77
     *    687		744		77		0.66
     *    688		743		23		0.24
     *    689		742		35		0.36
     *    694		737		34		0.35
     *    701		729		56		0.53
     *    702		728		62		0.57
     *    703		727		76		0.66
          754		799		0		0.00
     *    755		798		27		0.28
     *    756		797		75		0.65
     *    757		796		55		0.53
          758		795		10		0.08
     *    765		794		20		0.20
          766		793		9		0.07
     *    767		792		47		0.46
     *    768		791		21		0.21
          769		790		0		0.00
          775		782		0		0.00
          776		781		2		0.00
          821		1199		0		0.00
          822		1198		0		0.00
     *    823		1197		17		0.17
          829		1196		2		0.00
          831		1029		4		0.00
     *    833		1028		66		0.60
     *    834		1027		60		0.56
     *    835		1026		33		0.34
          837		1022		40		0.41
          839		1021		1		0.00
          840		1020		7		0.04
     *    841		1019		38		0.39
          843		912		4		0.00
     *    844		911		90		0.73
     *    845		910		75		0.65
     *    846		908		93		0.74
     *    847		907		102		0.78
     *    848		906		94		0.74
          849		905		52		0.50
          852		904		17		0.17
          853		903		4		0.00
     *    854		900		20		0.20
     *    855		899		60		0.56
     *    856		898		81		0.68
     *    857		897		72		0.64
     *    859		896		98		0.76
     *    860		895		87		0.71
     *    861		894		23		0.24
          862		893		12		0.11
          863		892		55		0.53
          868		889		74		0.65
     *    869		888		67		0.61
     *    870		886		65		0.59
     *    871		885		101		0.77
     *    873		883		83		0.69
     *    874		882		63		0.58
          875		881		3		0.00
          917		1015		8		0.05
     *    918		1014		19		0.19
     *    919		1013		44		0.44
          920		1011		99		0.76
     *    921		1010		82		0.69
     *    922		1009		90		0.73
     *    923		1008		52		0.50
     *    924		1007		88		0.72
     *    925		1006		24		0.25
          928		1004		12		0.11
          929		1003		4		0.00
     *    930		1002		93		0.74
     *    931		1001		72		0.64
     *    932		1000		62		0.57
     *    933		999		63		0.58
     *    934		998		52		0.50
          935		979		26		0.27
          936		978		1		0.00
          939		975		38		0.39
     *    940		974		25		0.26
     *    941		973		49		0.48
     *    942		972		36		0.37
     *    943		971		74		0.65
     *    944		970		40		0.41
          945		969		5		0.01
          946		968		6		0.03
          950		961		8		0.05
     *    951		960		37		0.38
          952		959		8		0.05
     *    984		997		43		0.43
          989		996		0		0.00
          990		995		12		0.11
          1035		1079		0		0.00
          1036		1078		17		0.17
     *    1037		1077		54		0.52
     *    1039		1075		38		0.39
          1040		1074		5		0.01
          1041		1073		0		0.00
          1045		1072		5		0.01
          1046		1071		4		0.00
     *    1050		1067		13		0.12
     *    1051		1066		44		0.44
          1052		1065		0		0.00
          1053		1064		4		0.00
          1092		1195		7		0.04
     *    1093		1194		72		0.64
     *    1094		1193		75		0.65
     *    1095		1192		62		0.57
     *    1098		1191		40		0.41
     *    1099		1190		12		0.11
          1103		1165		22		0.23
     *    1104		1164		55		0.53
          1106		1163		30		0.31
          1107		1162		27		0.28
     *    1108		1161		14		0.13
     *    1109		1160		85		0.70
     *    1111		1159		54		0.52
     *    1112		1158		32		0.33
     *    1113		1157		81		0.68
     *    1114		1156		67		0.61
     *    1115		1155		63		0.58
          1116		1154		60		0.56
          1177		1184		8		0.05
          1178		1183		24		0.25
          1203		1232		3		0.00
          1204		1231		10		0.08
          1205		1230		0		0.00
          1214		1225		4		0.00
     *    1215		1224		59		0.55
     *    1216		1223		64		0.59
          1217		1222		9		0.07
          1242		1813		2		0.00
          1243		1812		0		0.00
          1244		1810		13		0.12
          1245		1809		0		0.00
          1246		1808		0		0.00
          1248		1807		0		0.00
          1249		1806		9		0.07
     *    1250		1805		36		0.37
          1251		1804		12		0.11
     *    1252		1803		6		0.03
          1253		1802		4		0.00
          1254		1801		2		0.00
          1257		1796		0		0.00
          1258		1795		0		0.00
          1262		1758		6		0.03
     *    1263		1757		12		0.11
     *    1264		1756		20		0.20
          1265		1755		0		0.00
     *    1266		1754		20		0.20
          1267		1644		0		0.00
          1268		1643		0		0.00
          1269		1642		0		0.00
     *    1270		1641		24		0.25
     *    1271		1640		25		0.26
     *    1272		1639		8		0.05
          1273		1638		10		0.08
          1274		1637		2		0.00
          1275		1636		4		0.00
          1276		1635		11		0.09
          1277		1633		4		0.00
     *    1278		1632		24		0.25
          1283		1298		5		0.01
          1284		1297		11		0.09
          1285		1296		4		0.00
          1286		1295		0		0.00
          1308		1628		0		0.00
          1309		1627		0		0.00
     *    1310		1626		68		0.61
     *    1311		1625		53		0.51
     *    1312		1624		19		0.19
     *    1313		1623		61		0.57
          1314		1622		37		0.38
     *    1320		1423		18		0.18
          1321		1422		13		0.12
     *    1322		1421		70		0.62
     *    1324		1419		85		0.70
     *    1325		1418		109		0.80
     *    1326		1417		98		0.76
     *    1327		1416		90		0.73
     *    1328		1415		65		0.59
     *    1343		1361		91		0.73
     *    1344		1360		80		0.68
     *    1345		1359		82		0.69
     *    1346		1358		89		0.72
     *    1347		1357		102		0.78
     *    1348		1356		85		0.70
     *    1349		1355		70		0.62
     *    1365		1410		54		0.52
     *    1366		1409		64		0.59
     *    1367		1408		47		0.46
     *    1368		1407		48		0.47
          1425		1617		17		0.17
          1427		1616		4		0.00
          1429		1615		5		0.01
     *    1430		1614		28		0.29
          1431		1613		3		0.00
          1432		1612		7		0.04
          1435		1611		4		0.00
          1436		1610		9		0.07
          1437		1606		1		0.00
     *    1438		1605		27		0.28
          1439		1604		12		0.11
          1440		1602		0		0.00
          1441		1601		0		0.00
          1442		1600		0		0.00
          1443		1599		7		0.04
          1447		1487		0		0.00
          1448		1486		2		0.00
          1449		1485		0		0.00
          1450		1484		0		0.00
          1451		1483		0		0.00
          1452		1482		0		0.00
          1453		1462		3		0.00
     *    1454		1461		26		0.27
          1455		1460		5		0.01
          1465		1478		22		0.23
     *    1466		1477		30		0.31
          1467		1476		8		0.05
          1468		1475		8		0.05
          1493		1594		0		0.00
          1494		1593		2		0.00
          1495		1592		47		0.46
          1496		1591		19		0.19
     *    1498		1558		54		0.52
     *    1499		1557		55		0.53
     *    1500		1556		93		0.74
     *    1501		1555		55		0.53
     *    1502		1554		55		0.53
     *    1503		1553		37		0.38
          1504		1552		14		0.13
          1508		1546		0		0.00
          1509		1545		30		0.31
          1513		1542		9		0.07
     *    1514		1541		51		0.50
     *    1515		1540		57		0.54
          1561		1585		0		0.00
          1562		1584		13		0.12
          1563		1583		2		0.00
          1564		1582		4		0.00
          1565		1580		15		0.14
     *    1566		1579		67		0.61
     *    1567		1578		74		0.65
     *    1568		1577		83		0.69
          1648		1710		1		0.00
          1649		1709		33		0.34
     *    1650		1708		75		0.65
     *    1652		1707		78		0.67
     *    1653		1706		78		0.67
     *    1654		1705		58		0.55
     *    1655		1704		72		0.64
          1662		1697		39		0.40
     *    1663		1696		55		0.53
          1664		1695		0		0.00
          1670		1690		7		0.04
          1671		1689		2		0.00
     *    1675		1684		88		0.72
     *    1676		1683		52		0.50
     *    1677		1682		62		0.57
          1717		1748		8		0.05
          1721		1744		7		0.04
     *    1722		1743		52		0.50
          1723		1742		7		0.04
     *    1724		1741		74		0.65
     *    1725		1740		28		0.29
     *    1726		1739		14		0.13
     *    1727		1738		34		0.35
          1728		1737		0		0.00
          1764		1788		0		0.00
          1765		1787		8		0.05
     *    1766		1786		12		0.11
          1767		1785		8		0.05
     *    1768		1784		41		0.41
     *    1769		1783		55		0.53
     *    1770		1782		56		0.53
     *    1771		1781		34		0.35
          1816		1937		0		0.00
          1818		1934		0		0.00
          1819		1933		0		0.00
          1821		1930		0		0.00
          1822		1929		0		0.00
     *    1826		1922		26		0.27
     *    1827		1921		28		0.29
          1828		1920		19		0.19
     *    1829		1919		8		0.05
          1830		1918		2		0.00
          1831		1917		33		0.34
     *    1832		1916		19		0.19
     *    1833		1915		64		0.59
          1836		1912		16		0.16
     *    1837		1911		49		0.48
     *    1838		1910		67		0.61
          1839		1909		55		0.53
          1840		1908		49		0.48
     *    1841		1907		74		0.65
          1843		1906		51		0.50
     *    1844		1905		64		0.59
     *    1845		1904		63		0.58
     *    1847		1902		49		0.48
          1848		1901		17		0.17
          1849		1900		17		0.17
          1854		1896		21		0.21
     *    1855		1895		70		0.62
     *    1856		1894		45		0.45
     *    1857		1893		69		0.62
     *    1858		1892		76		0.66
     *    1860		1891		52		0.50
          1864		1889		53		0.51
     *    1865		1888		66		0.60
          1866		1887		28		0.29
          1867		1886		43		0.43
     *    1871		1884		20		0.20
          1872		1883		29		0.30
          1939		1967		4		0.00
          1940		1965		3		0.00
     *    1941		1964		25		0.26
          1943		1960		6		0.03
          1944		1959		14		0.13
     *    1945		1958		23		0.24
          1946		1957		3		0.00
          1947		1956		5		0.01
     *    1948		1955		42		0.42
     *    1949		1954		42		0.42
#
# BPAIRS 462
# avg substitutions per BP  34.5
# BPAIRS expected to covary 141.9 +/- 8.1
# BPAIRS observed to covary 241
#
