# R-scape :: RNA Structural Covariation Above Phylogenetic Expectation
# R-scape 1.5.16 elenarivas@fas.harvard.edu (August 2020)
# Copyright (C) 2016-2019 Howard Hughes Medical Institute.
# Freely distributed under the GNU General Public License (GPLv3).
#-------------------------------------------------------------------------------------------------------
# MSA RF00503_RNAIII nseq 10 (10) alen 530 (608) avgid 61.97 (61.22) nbpairs 134 (134)
# Two-set statistical test (one test for annotated basepairs, another for all other pairs)
#
#
# Method Target_E-val [cov_min,cov_max] [FP | TP True Found | Sen PPV F] 
# GTp    0.05         [-6.90,11.34]     [0 | 4 134 4 | 2.99 100.00 5.80] 
#
#       left_pos       right_pos        score          E-value       substitutions      power
#-------------------------------------------------------------------------------------------------------
*	       4	      18	11.34064	0.000657339	6		0.03
*	     345	     366	9.53108	0.00983091	6		0.03
*	     578	     606	9.29611	0.0134209	4		0.00
*	     151	     174	8.96672	0.0218768	6		0.03

# The given structure
# SS_cons ::<<<<<<____>>->>>>::::::{{{{{{{,,,,[[--[[[[[[[[,,,<<<<<<___
#
# SS_cons ________________________________>>>>>>,,,,,,,,<<<<<<<<---<<_
#
# SS_cons ____________>>->>>>>>>>,,,,,<<<<<<<<<_________>>->>>>>>>,,,,
#
# SS_cons <<<<<_____>>>>>,,,,,,,,,,<<<-<<<<<------<<<_________>>>--->>
#
# SS_cons >>>>>>,,,,,((((((((,,,,,,,,,,,,,,<<<<<<<<<_________>>>>>>>>>
#
# SS_cons ,,,,,,,,<<<-----------<<_______>>------>>>,,<<--<<<_________
#
# SS_cons _>>>>>)))))))),,,,,,,,,,<<<<<<<<_________________>>>>>>>>,,,
#
# SS_cons ,,,,<<<<______>>>>,,,]]]]]-]]]-]],,,<<<<<<<<__________>>>>>>
#
# SS_cons >>,,,,,,,,,<<<<<<<<--<<<-<<_______________>>->>>>>>>>>>>}}}-
#
# SS_cons }}}}:::::::::::::::::::::::::::::::::<<<<<<<<<<_________>>>>
#
# SS_cons >>>>>>::
#

# Power analysis of given structure 
#
# covary  left_pos      right_pos    substitutions      power
#----------------------------------------------------------------
          3		19		4		0.00
     *    4		18		6		0.03
          5		17		9		0.07
          6		16		3		0.00
          7		14		6		0.03
          8		13		2		0.00
          26		544		6		0.03
          27		543		4		0.00
          28		542		4		0.00
          29		541		4		0.00
          30		539		3		0.00
          31		538		2		0.00
          32		537		5		0.01
          37		453		4		0.00
          38		452		0		0.00
          41		450		5		0.01
          42		449		3		0.00
          43		448		1		0.00
          44		446		4		0.00
          45		445		2		0.00
          46		444		0		0.00
          47		443		4		0.00
          48		442		2		0.00
          52		98		7		0.04
          53		97		3		0.00
          54		96		5		0.01
          55		95		6		0.03
          56		94		6		0.03
          57		93		1		0.00
          107		143		4		0.00
          108		142		5		0.01
          109		141		3		0.00
          110		140		1		0.00
          111		139		3		0.00
          112		138		0		0.00
          113		137		4		0.00
          114		136		3		0.00
          118		134		2		0.00
          119		133		6		0.03
          149		176		4		0.00
          150		175		5		0.01
     *    151		174		6		0.03
          152		173		3		0.00
          153		172		5		0.01
          154		171		3		0.00
          155		170		1		0.00
          156		168		6		0.03
          157		167		5		0.01
          181		195		3		0.00
          182		194		3		0.00
          183		193		4		0.00
          184		192		4		0.00
          185		191		3		0.00
          206		246		2		0.00
          207		245		3		0.00
          208		244		6		0.03
          210		243		3		0.00
          211		242		4		0.00
          212		241		2		0.00
          213		240		5		0.01
          214		239		2		0.00
          221		235		2		0.00
          222		234		2		0.00
          223		233		3		0.00
          252		374		6		0.03
          253		373		3		0.00
          254		372		4		0.00
          255		371		5		0.01
          256		370		5		0.01
          257		369		3		0.00
          258		368		7		0.04
          259		367		3		0.00
          274		300		3		0.00
          275		299		0		0.00
          276		298		1		0.00
          277		297		2		0.00
          278		296		2		0.00
          279		295		0		0.00
          280		294		1		0.00
          281		293		0		0.00
          282		292		0		0.00
          309		342		4		0.00
          310		341		5		0.01
          311		340		3		0.00
          323		333		1		0.00
          324		332		2		0.00
     *    345		366		6		0.03
          346		365		5		0.01
          349		364		6		0.03
          350		363		7		0.04
          351		362		8		0.05
          385		417		3		0.00
          386		416		3		0.00
          387		415		6		0.03
          388		414		2		0.00
          389		413		5		0.01
          390		412		5		0.01
          391		411		6		0.03
          392		410		3		0.00
          425		438		2		0.00
          426		437		2		0.00
          427		436		3		0.00
          428		435		5		0.01
          457		482		4		0.00
          458		481		2		0.00
          459		480		4		0.00
          460		479		0		0.00
          461		478		0		0.00
          462		477		3		0.00
          463		476		2		0.00
          464		475		3		0.00
          492		536		4		0.00
          493		535		1		0.00
          494		534		0		0.00
          495		533		1		0.00
          496		532		1		0.00
          497		531		0		0.00
          498		530		0		0.00
          499		529		2		0.00
          502		528		0		0.00
          503		527		0		0.00
          504		526		2		0.00
          506		524		1		0.00
          507		523		2		0.00
     *    578		606		4		0.00
          579		605		7		0.04
          580		604		4		0.00
          581		603		2		0.00
          582		602		2		0.00
          583		601		4		0.00
          584		600		0		0.00
          585		599		0		0.00
          586		598		0		0.00
          587		597		4		0.00
#
# BPAIRS 134
# avg substitutions per BP  3.2
# BPAIRS expected to covary 0.8 +/- 0.9
# BPAIRS observed to covary 4
#
