# R-scape :: RNA Structural Covariation Above Phylogenetic Expectation
# R-scape 1.5.16 elenarivas@fas.harvard.edu (August 2020)
# Copyright (C) 2016-2019 Howard Hughes Medical Institute.
# Freely distributed under the GNU General Public License (GPLv3).
#-------------------------------------------------------------------------------------------------------
# MSA RF00017_Metazoa_SRP nseq 91 (91) alen 304 (412) avgid 67.90 (67.19) nbpairs 120 (120)
# Two-set statistical test (one test for annotated basepairs, another for all other pairs)
#
#
# Method Target_E-val [cov_min,cov_max] [FP | TP True Found | Sen PPV F] 
# GTp    0.05         [-9.77,147.55]     [0 | 40 120 40 | 33.33 100.00 50.00] 
#
#       left_pos       right_pos        score          E-value       substitutions      power
#-------------------------------------------------------------------------------------------------------
*	     217	     222	147.54554	3.41483e-08	11		0.09
*	     271	     276	143.03843	7.44423e-08	10		0.08
*	     263	     284	133.81327	3.67267e-07	10		0.08
*	     270	     277	131.55661	5.41868e-07	11		0.09
*	     215	     224	116.75705	6.76012e-06	21		0.21
*	     269	     278	116.69308	7.02727e-06	12		0.11
*	     113	     360	109.64924	2.33363e-05	25		0.26
*	     200	     239	109.37592	2.42564e-05	17		0.17
*	     197	     298	104.62111	5.45977e-05	8		0.05
*	      96	     376	104.16619	5.89787e-05	18		0.18
*	     121	     352	103.72145	6.37103e-05	23		0.24
*	     216	     223	101.96935	8.67355e-05	20		0.20
*	     201	     238	100.48396	0.00011359	6		0.03
*	     211	     228	99.92137	0.000122685	23		0.24
*	     192	     303	97.88969	0.000173467	15		0.14
*	     170	     330	97.05872	0.000202309	8		0.05
*	     204	     235	96.42582	0.000227034	7		0.04
*	     208	     231	96.27118	0.000227034	21		0.21
*	     120	     353	93.72888	0.000346341	17		0.17
*	      75	     400	93.68669	0.000359883	29		0.30
*	     172	     328	90.55129	0.000615261	12		0.11
*	     184	     313	89.64852	0.000716944	11		0.09
*	      97	     375	88.77590	0.00080402	15		0.14
*	      87	     387	88.59908	0.000835321	9		0.07
*	     129	     344	88.43579	0.000867833	12		0.11
*	      74	     401	84.04228	0.00178939	15		0.14
*	       1	      64	83.77850	0.00193057	9		0.07
*	     254	     290	82.63485	0.00233369	16		0.16
*	     210	     229	80.25688	0.00340642	28		0.29
*	     112	     361	74.16156	0.00936858	20		0.20
*	     195	     300	72.72549	0.0121392	13		0.12
*	      94	     378	72.37950	0.0125951	17		0.17
*	      71	     404	70.57260	0.0168888	5		0.01
*	       7	      28	70.13507	0.0181648	12		0.11
*	     253	     291	69.39908	0.0202528	14		0.13
*	      83	     391	69.26241	0.0209982	17		0.17
*	      37	      61	68.78180	0.0225675	4		0.00
*	     251	     294	68.04172	0.0251296	15		0.14
*	      76	     399	67.02669	0.0300075	17		0.17
*	     262	     285	64.31879	0.0452797	8		0.05

# The given structure
# SS_cons (((<<<<<<<<____________>>>>>>>>,,,,,<<<___________________>>
#
# SS_cons >))):::::((((((((((--(((((((--(((((((((-----(((-(((((----(((
#
# SS_cons ((----(((((((-----------------------------------((((((-((-((
#
# SS_cons -(((((-(((((-(((((<<<<<<<<<<<<<<<-<<<____>>>->>>>>>>>>>>>>>>
#
# SS_cons ,<<___>><<<<<<<----<<<<<----<<<____>>>---->>>>>->>>->>>>))))
#
# SS_cons )-))-)))--)))))-))----))-))))))--------)))))))----)))))----)
#
# SS_cons ))))-)-))---)))))))))----)))))))---)))))))))):::::::
#

# Power analysis of given structure 
#
# covary  left_pos      right_pos    substitutions      power
#----------------------------------------------------------------
     *    1		64		9		0.07
          2		63		3		0.00
          3		62		11		0.09
          4		31		0		0.00
          5		30		5		0.01
          6		29		8		0.05
     *    7		28		12		0.11
          8		27		10		0.08
          9		26		13		0.12
          10		25		17		0.17
          11		24		0		0.00
     *    37		61		4		0.00
          38		60		7		0.04
          39		59		5		0.01
          70		405		15		0.14
     *    71		404		5		0.01
          72		403		13		0.12
          73		402		17		0.17
     *    74		401		15		0.14
     *    75		400		29		0.30
     *    76		399		17		0.17
          77		398		15		0.14
          78		397		12		0.11
          79		396		2		0.00
          82		392		7		0.04
     *    83		391		17		0.17
          84		390		15		0.14
          85		389		16		0.16
          86		388		14		0.13
     *    87		387		9		0.07
          88		386		11		0.09
          91		381		2		0.00
          92		380		9		0.07
          93		379		9		0.07
     *    94		378		17		0.17
          95		377		26		0.27
     *    96		376		18		0.18
     *    97		375		15		0.14
          98		374		5		0.01
          99		373		2		0.00
          105		369		3		0.00
          106		368		3		0.00
          107		366		5		0.01
          109		364		24		0.25
          110		363		19		0.19
          111		362		18		0.18
     *    112		361		20		0.20
     *    113		360		25		0.26
          118		355		15		0.14
          119		354		21		0.21
     *    120		353		17		0.17
     *    121		352		23		0.24
          122		351		14		0.13
          127		346		19		0.19
          128		345		10		0.08
     *    129		344		12		0.11
          130		343		3		0.00
          131		342		4		0.00
          132		341		2		0.00
          133		340		10		0.08
          169		331		14		0.13
     *    170		330		8		0.05
          171		329		12		0.11
     *    172		328		12		0.11
          173		327		11		0.09
          174		326		15		0.14
          176		324		1		0.00
          177		323		4		0.00
          179		318		2		0.00
          180		317		6		0.03
          182		315		8		0.05
          183		314		11		0.09
     *    184		313		11		0.09
          185		312		7		0.04
          186		311		3		0.00
          188		308		5		0.01
          189		307		6		0.03
          190		306		13		0.12
          191		304		17		0.17
     *    192		303		15		0.14
          194		301		17		0.17
     *    195		300		13		0.12
          196		299		7		0.04
     *    197		298		8		0.05
          198		297		3		0.00
          199		240		8		0.05
     *    200		239		17		0.17
     *    201		238		6		0.03
          202		237		8		0.05
          203		236		3		0.00
     *    204		235		7		0.04
          205		234		4		0.00
          206		233		3		0.00
          207		232		16		0.16
     *    208		231		21		0.21
          209		230		23		0.24
     *    210		229		28		0.29
     *    211		228		23		0.24
          212		227		18		0.18
          213		226		32		0.33
     *    215		224		21		0.21
     *    216		223		20		0.20
     *    217		222		11		0.09
          242		248		10		0.08
          243		247		14		0.13
          249		296		4		0.00
          250		295		5		0.01
     *    251		294		15		0.14
          252		293		15		0.14
     *    253		291		14		0.13
     *    254		290		16		0.16
          255		289		2		0.00
          260		287		4		0.00
          261		286		1		0.00
     *    262		285		8		0.05
     *    263		284		10		0.08
          264		283		7		0.04
     *    269		278		12		0.11
     *    270		277		11		0.09
     *    271		276		10		0.08
#
# BPAIRS 120
# avg substitutions per BP  11.3
# BPAIRS expected to covary 11.7 +/- 3.1
# BPAIRS observed to covary 40
#
