# R-scape :: RNA Structural Covariation Above Phylogenetic Expectation
# R-scape 1.5.16 elenarivas@fas.harvard.edu (August 2020)
# Copyright (C) 2016-2019 Howard Hughes Medical Institute.
# Freely distributed under the GNU General Public License (GPLv3).
#-------------------------------------------------------------------------------------------------------
# MSA RF00100_7SK nseq 45 (45) alen 331 (402) avgid 81.73 (80.85) nbpairs 87 (87)
# Two-set statistical test (one test for annotated basepairs, another for all other pairs)
#
#
# Method Target_E-val [cov_min,cov_max] [FP | TP True Found | Sen PPV F] 
# GTp    0.05         [-9.87,42.81]     [0 | 2 87 2 | 2.30 100.00 4.49] 
#
#       left_pos       right_pos        score          E-value       substitutions      power
#-------------------------------------------------------------------------------------------------------
*	     377	     387	35.16873	0.0346293	7		0.04
*	     371	     395	34.06132	0.0461165	8		0.05

# The given structure
# SS_cons <<<-<<<<-<<-<-<<---<<----<<<<<<<<-<<--<<--<<<--<<<<<<<______
#
# SS_cons _________>>>-->>>>>>>-->>---->>>>>>>->>>->>--->>-->>>>>>>---
#
# SS_cons >>>:::::::((((((<<<<-<<____________>>>>>>,<<<----<<<______>>
#
# SS_cons >---->>>,,,,)-)))-------))::::::::::::::::::::::::::::::::::
#
# SS_cons ::::::::::::::::::<<<-----<<-<<<<<<------<<<<-----<<<<<_____
#
# SS_cons _________>>>--->>->>>>---->>>>>>->>--->>->::::::::::::::::::
#
# SS_cons ::::<<<-<<<<<<<<<<_______>>>>>-->>>>>-->>>
#

# Power analysis of given structure 
#
# covary  left_pos      right_pos    substitutions      power
#----------------------------------------------------------------
          1		123		4		0.00
          2		122		2		0.00
          3		121		2		0.00
          5		117		2		0.00
          6		116		2		0.00
          7		115		1		0.00
          8		114		6		0.03
          10		113		2		0.00
          11		112		2		0.00
          13		111		4		0.00
          15		108		4		0.00
          16		107		2		0.00
          20		103		0		0.00
          21		102		2		0.00
          26		100		1		0.00
          27		99		0		0.00
          28		98		4		0.00
          29		96		5		0.01
          30		95		2		0.00
          31		94		2		0.00
          32		93		7		0.04
          33		92		9		0.07
          35		91		5		0.01
          36		90		3		0.00
          39		85		1		0.00
          40		84		7		0.04
          43		81		3		0.00
          44		80		6		0.03
          45		79		1		0.00
          48		78		0		0.00
          49		77		1		0.00
          50		76		0		0.00
          51		75		1		0.00
          52		72		4		0.00
          53		71		0		0.00
          54		70		5		0.01
          131		206		13		0.12
          132		205		5		0.01
          133		197		7		0.04
          134		196		9		0.07
          135		195		6		0.03
          136		193		5		0.01
          137		161		2		0.00
          138		160		6		0.03
          139		159		2		0.00
          140		158		5		0.01
          142		157		1		0.00
          143		156		3		0.00
          163		188		9		0.07
          164		187		13		0.12
          165		186		9		0.07
          170		181		6		0.03
          171		180		5		0.01
          172		179		7		0.04
          259		342		8		0.05
          260		340		9		0.07
          261		339		4		0.00
          267		335		7		0.04
          268		334		7		0.04
          270		332		4		0.00
          271		331		5		0.01
          272		330		5		0.01
          273		329		7		0.04
          274		328		6		0.03
          275		327		4		0.00
          282		322		6		0.03
          283		321		2		0.00
          284		320		6		0.03
          285		319		12		0.11
          291		317		4		0.00
          292		316		7		0.04
          293		312		6		0.03
          294		311		7		0.04
          295		310		9		0.07
          365		402		5		0.01
          366		401		10		0.08
          367		400		14		0.13
          369		397		12		0.11
          370		396		17		0.17
     *    371		395		8		0.05
          372		394		6		0.03
          373		393		4		0.00
          374		390		12		0.11
          375		389		8		0.05
          376		388		3		0.00
     *    377		387		7		0.04
          378		386		5		0.01
#
# BPAIRS 87
# avg substitutions per BP  5.2
# BPAIRS expected to covary 2.3 +/- 1.5
# BPAIRS observed to covary 2
#
