# R-scape :: RNA Structural Covariation Above Phylogenetic Expectation
# R-scape 1.5.16 elenarivas@fas.harvard.edu (August 2020)
# Copyright (C) 2016-2019 Howard Hughes Medical Institute.
# Freely distributed under the GNU General Public License (GPLv3).
#-------------------------------------------------------------------------------------------------------
# MSA RF00210_IRES_Picorna_2 nseq 92 (92) alen 462 (569) avgid 82.63 (82.50) nbpairs 122 (122)
# Two-set statistical test (one test for annotated basepairs, another for all other pairs)
#
#
# Method Target_E-val [cov_min,cov_max] [FP | TP True Found | Sen PPV F] 
# GTp    0.05         [-9.74,129.27]     [0 | 16 122 16 | 13.11 100.00 23.19] 
#
#       left_pos       right_pos        score          E-value       substitutions      power
#-------------------------------------------------------------------------------------------------------
*	     179	     247	129.26742	2.33107e-06	19		0.19
*	     178	     248	121.73551	7.36771e-06	23		0.24
*	     121	     337	101.40268	0.000173476	9		0.07
*	     472	     489	94.63932	0.000480659	11		0.09
*	     525	     541	94.31134	0.00049982	13		0.12
*	     176	     250	91.25253	0.00079839	8		0.05
*	     177	     249	86.41006	0.00167057	9		0.07
*	     471	     490	85.75245	0.00187632	27		0.28
*	      96	     380	85.76211	0.00187632	10		0.08
*	     186	     215	81.99288	0.00334635	25		0.26
*	     105	     373	72.93616	0.012641	14		0.13
*	     199	     208	70.68380	0.0176531	11		0.09
*	     122	     336	69.38491	0.0212042	16		0.16
*	     181	     246	66.78927	0.0303849	7		0.04
*	      52	      63	65.45444	0.0361974	10		0.08
*	     184	     217	65.18562	0.0374672	4		0.00

# The given structure
# SS_cons :::::<<___>>::::::::::::::::::<<<<<<--------<<<<-<<<<<_____>
#
# SS_cons ->>>>---------->>>>------->>->>>>:[[[[[---[[[--[[[-------[[[
#
# SS_cons [[-[[[[------[[[[----------[[[[----[[[[[[,<<____>>,,(((((((-
#
# SS_cons ((<<<<<<<-------<<<<<____>>>>>->>>>>>><<<_____>>>,,<<<<_____
#
# SS_cons >>>>)))))))))<<<<____________>>>>]]]]]]----]]]]--------]]-]]
#
# SS_cons -------]]]]------------------------]]]]]--------------------
#
# SS_cons ------]]]---]]]-]]]]]:::::::::::::(((((,,,,,,,,,,<<<<<<<<<<-
#
# SS_cons --<<<<<______________>->>>>->>>>->>-->>>>,<-<<<-<<<<________
#
# SS_cons ________>>->>>>>>,,,,,,,,,,,,,,,,))))):::<<<<<-<<<<____>>>>>
#
# SS_cons >>>>:::::::::::::::::::::::::
#

# Power analysis of given structure 
#
# covary  left_pos      right_pos    substitutions      power
#----------------------------------------------------------------
          6		12		11		0.09
          7		11		4		0.00
          31		93		4		0.00
          32		92		5		0.01
          33		91		5		0.01
          34		90		4		0.00
          35		88		3		0.00
          36		87		14		0.13
          45		79		10		0.08
          46		78		16		0.16
          47		77		7		0.04
          48		76		3		0.00
          50		65		5		0.01
          51		64		6		0.03
     *    52		63		10		0.08
          53		62		5		0.01
          54		60		4		0.00
          95		381		3		0.00
     *    96		380		10		0.08
          97		379		16		0.16
          98		378		31		0.32
          99		377		22		0.23
          103		375		10		0.08
          104		374		8		0.05
     *    105		373		14		0.13
          108		369		1		0.00
          109		368		3		0.00
          110		367		5		0.01
          118		340		9		0.07
          119		339		8		0.05
          120		338		6		0.03
     *    121		337		9		0.07
     *    122		336		16		0.16
          124		311		7		0.04
          125		310		2		0.00
          126		309		8		0.05
          127		308		17		0.17
          134		300		14		0.13
          135		299		5		0.01
          136		297		7		0.04
          137		296		11		0.09
          148		287		26		0.27
          149		286		12		0.11
          150		285		11		0.09
          151		284		18		0.18
          156		279		15		0.14
          157		278		20		0.20
          158		277		10		0.08
          159		276		6		0.03
          160		275		14		0.13
          161		274		14		0.13
          163		170		2		0.00
          164		169		3		0.00
          173		253		5		0.01
          174		252		4		0.00
          175		251		10		0.08
     *    176		250		8		0.05
     *    177		249		9		0.07
     *    178		248		23		0.24
     *    179		247		19		0.19
     *    181		246		7		0.04
          182		245		0		0.00
          183		218		2		0.00
     *    184		217		4		0.00
          185		216		4		0.00
     *    186		215		25		0.26
          187		214		3		0.00
          188		213		1		0.00
          189		212		0		0.00
          197		210		4		0.00
          198		209		2		0.00
     *    199		208		11		0.09
          200		207		1		0.00
          201		206		0		0.00
          219		229		0		0.00
          220		228		0		0.00
          221		227		0		0.00
          232		244		0		0.00
          233		243		6		0.03
          234		242		8		0.05
          235		241		12		0.11
          254		273		4		0.00
          255		272		5		0.01
          256		271		2		0.00
          257		270		6		0.03
          395		518		4		0.00
          396		517		5		0.01
          397		516		2		0.00
          398		515		7		0.04
          399		514		1		0.00
          410		461		4		0.00
          411		460		0		0.00
          412		459		0		0.00
          413		458		3		0.00
          414		455		6		0.03
          415		454		2		0.00
          416		452		0		0.00
          417		451		0		0.00
          418		450		0		0.00
          419		449		0		0.00
          423		447		3		0.00
          424		446		4		0.00
          425		445		11		0.09
          426		444		4		0.00
          427		442		3		0.00
          463		497		6		0.03
          465		496		12		0.11
          466		495		28		0.29
          467		494		18		0.18
          469		493		16		0.16
          470		492		9		0.07
     *    471		490		27		0.28
     *    472		489		11		0.09
          522		544		1		0.00
          523		543		3		0.00
          524		542		2		0.00
     *    525		541		13		0.12
          526		540		5		0.01
          528		539		2		0.00
          529		538		2		0.00
          530		537		2		0.00
          531		536		4		0.00
#
# BPAIRS 122
# avg substitutions per BP  7.5
# BPAIRS expected to covary 6.7 +/- 2.4
# BPAIRS observed to covary 16
#
