# R-scape :: RNA Structural Covariation Above Phylogenetic Expectation
# R-scape 1.5.16 elenarivas@fas.harvard.edu (August 2020)
# Copyright (C) 2016-2019 Howard Hughes Medical Institute.
# Freely distributed under the GNU General Public License (GPLv3).
#-------------------------------------------------------------------------------------------------------
# MSA RF00882_MIR811 nseq 5 (5) alen 190 (191) avgid 81.15 (81.00) nbpairs 81 (81)
# Two-set statistical test (one test for annotated basepairs, another for all other pairs)
#
#
# Method Target_E-val [cov_min,cov_max] [FP | TP True Found | Sen PPV F] 
# GTp    0.05         [-2.57,6.50]     [1 | 0 81 1 | 0.00 0.00 0.00] 
#
#       left_pos       right_pos        score          E-value       substitutions      power
#-------------------------------------------------------------------------------------------------------
~	      96	     105	6.49945	0.0210488	4		0.00

# The given structure
# SS_cons <<<<<<<<<-<<<<<<<<<<<<<<<<<<<<<<<<<<<<<<<<<<<<<<<<<<<<<<<<<<
#
# SS_cons <<<<<<<<<<<<<<<<<<<-<<<_________________________>>>->>>>>>>>
#
# SS_cons >>>>>>>>>>>>>>>>>>>>>>>>>>>>>>>>>>>>>>>>>>>>>>>>>>>>>>>>>>>>
#
# SS_cons >->>>>>>>>>
#

# Power analysis of given structure 
#
# covary  left_pos      right_pos    substitutions      power
#----------------------------------------------------------------
          1		191		2		0.00
          2		190		2		0.00
          3		189		0		0.00
          4		188		2		0.00
          5		187		2		0.00
          6		186		1		0.00
          7		185		0		0.00
          8		184		2		0.00
          9		183		2		0.00
          11		181		2		0.00
          12		180		2		0.00
          13		179		3		0.00
          14		178		2		0.00
          15		177		2		0.00
          16		176		0		0.00
          17		175		2		0.00
          18		174		1		0.00
          19		173		0		0.00
          20		172		0		0.00
          21		171		0		0.00
          22		170		3		0.00
          23		169		0		0.00
          24		168		0		0.00
          25		167		0		0.00
          26		166		0		0.00
          27		165		1		0.00
          28		164		0		0.00
          29		163		0		0.00
          30		162		0		0.00
          31		161		0		0.00
          32		160		0		0.00
          33		159		1		0.00
          34		158		2		0.00
          35		157		1		0.00
          36		156		0		0.00
          37		155		2		0.00
          38		154		0		0.00
          39		153		0		0.00
          40		152		2		0.00
          41		151		0		0.00
          42		150		2		0.00
          43		149		0		0.00
          44		148		1		0.00
          45		147		0		0.00
          46		146		0		0.00
          47		145		0		0.00
          48		144		0		0.00
          49		143		1		0.00
          50		142		1		0.00
          51		141		1		0.00
          52		140		0		0.00
          53		139		0		0.00
          54		138		0		0.00
          55		137		1		0.00
          56		136		0		0.00
          57		135		0		0.00
          58		134		0		0.00
          59		133		2		0.00
          60		132		1		0.00
          61		131		1		0.00
          62		130		1		0.00
          63		129		1		0.00
          64		128		0		0.00
          65		127		0		0.00
          66		126		1		0.00
          67		125		0		0.00
          68		124		0		0.00
          69		123		0		0.00
          70		122		0		0.00
          71		121		0		0.00
          72		120		0		0.00
          73		119		0		0.00
          74		118		0		0.00
          75		117		0		0.00
          76		116		0		0.00
          77		115		0		0.00
          78		114		0		0.00
          79		113		0		0.00
          81		111		1		0.00
          82		110		0		0.00
          83		109		1		0.00
#
# BPAIRS 81
# avg substitutions per BP  0.7
# BPAIRS expected to covary 0.0 +/- 0.0
# BPAIRS observed to covary 0
#
