# R-scape :: RNA Structural Covariation Above Phylogenetic Expectation
# R-scape 1.5.16 elenarivas@fas.harvard.edu (August 2020)
# Copyright (C) 2016-2019 Howard Hughes Medical Institute.
# Freely distributed under the GNU General Public License (GPLv3).
#-------------------------------------------------------------------------------------------------------
# MSA RF00036_RRE nseq 65 (65) alen 340 (340) avgid 96.98 (96.98) nbpairs 116 (116)
# Two-set statistical test (one test for annotated basepairs, another for all other pairs)
#
#
# Method Target_E-val [cov_min,cov_max] [FP | TP True Found | Sen PPV F] 
# GTp    0.05         [-9.83,27.37]     [0 | 0 116 0 | 0.00 0.00 0.00] 
#
#       left_pos       right_pos        score          E-value       substitutions      power
#-------------------------------------------------------------------------------------------------------
no significant pairs

# The given structure
# SS_cons :[[[[[[[[--------[[[[[[[-[[[[[[-----[[[[[[[[[------[[[[[[[[[
#
# SS_cons ----[[[[[[[[[[[[[----[[[[[[,,,,((((((<<--<<<<<<<<_____>>>>>>
#
# SS_cons ->>--->>,<<<<<<<<<___>>>>>>>>>,)))))),,<<<<<<<____>>>>>>>(((
#
# SS_cons (((,,,<<<--<<<<<<<___>>>>>>>-->>>,,<<<<<<<<<<________>>>>>>>
#
# SS_cons >>>,,))))))]]]]]]---]]]]-]]]]]-]]]]-----]]]]]]]]]--------]]]
#
# SS_cons ]]]]]]------]]]-]]]-]]]]]]]----]]]]]]]]:
#

# Power analysis of given structure 
#
# covary  left_pos      right_pos    substitutions      power
#----------------------------------------------------------------
          2		339		2		0.00
          3		338		6		0.03
          4		337		1		0.00
          5		336		6		0.03
          6		335		0		0.00
          7		334		2		0.00
          8		333		1		0.00
          9		332		0		0.00
          18		327		0		0.00
          19		326		0		0.00
          20		325		0		0.00
          21		324		2		0.00
          22		323		0		0.00
          23		322		1		0.00
          24		321		2		0.00
          26		319		1		0.00
          27		318		9		0.07
          28		317		0		0.00
          29		315		2		0.00
          30		314		1		0.00
          31		313		1		0.00
          37		306		3		0.00
          38		305		0		0.00
          39		304		0		0.00
          40		303		0		0.00
          41		302		0		0.00
          42		301		0		0.00
          43		300		4		0.00
          44		299		2		0.00
          45		298		1		0.00
          52		289		6		0.03
          53		288		6		0.03
          54		287		2		0.00
          55		286		0		0.00
          56		285		0		0.00
          57		284		0		0.00
          58		283		0		0.00
          59		282		1		0.00
          60		281		1		0.00
          65		275		0		0.00
          66		274		0		0.00
          67		273		0		0.00
          68		272		9		0.07
          69		270		1		0.00
          70		269		0		0.00
          71		268		0		0.00
          72		267		0		0.00
          73		266		0		0.00
          74		264		0		0.00
          75		263		0		0.00
          76		262		0		0.00
          77		261		1		0.00
          82		257		0		0.00
          83		256		1		0.00
          84		255		0		0.00
          85		254		0		0.00
          86		253		0		0.00
          87		252		2		0.00
          92		157		0		0.00
          93		156		0		0.00
          94		155		0		0.00
          95		154		0		0.00
          96		153		0		0.00
          97		152		0		0.00
          98		128		0		0.00
          99		127		0		0.00
          102		123		0		0.00
          103		122		1		0.00
          104		120		0		0.00
          105		119		2		0.00
          106		118		3		0.00
          107		117		2		0.00
          108		116		1		0.00
          109		115		2		0.00
          130		150		0		0.00
          131		149		1		0.00
          132		148		0		0.00
          133		147		0		0.00
          134		146		0		0.00
          135		145		0		0.00
          136		144		1		0.00
          137		143		3		0.00
          138		142		1		0.00
          160		177		0		0.00
          161		176		0		0.00
          162		175		0		0.00
          163		174		0		0.00
          164		173		0		0.00
          165		172		5		0.01
          166		171		0		0.00
          178		251		0		0.00
          179		250		2		0.00
          180		249		0		0.00
          181		248		0		0.00
          182		247		6		0.03
          183		246		0		0.00
          187		213		0		0.00
          188		212		0		0.00
          189		211		2		0.00
          192		208		1		0.00
          193		207		0		0.00
          194		206		0		0.00
          195		205		0		0.00
          196		204		0		0.00
          197		203		0		0.00
          198		202		0		0.00
          216		243		1		0.00
          217		242		0		0.00
          218		241		0		0.00
          219		240		4		0.00
          220		239		0		0.00
          221		238		0		0.00
          222		237		0		0.00
          223		236		0		0.00
          224		235		0		0.00
          225		234		0		0.00
#
# BPAIRS 116
# avg substitutions per BP  1.0
# BPAIRS expected to covary 0.3 +/- 0.5
# BPAIRS observed to covary 0
#
