# R-scape :: RNA Structural Covariation Above Phylogenetic Expectation
# R-scape 1.5.16 elenarivas@fas.harvard.edu (August 2020)
# Copyright (C) 2016-2019 Howard Hughes Medical Institute.
# Freely distributed under the GNU General Public License (GPLv3).
#-------------------------------------------------------------------------------------------------------
# MSA RF00547_IRES_TrkB nseq 16 (16) alen 353 (386) avgid 74.40 (73.76) nbpairs 117 (117)
# Two-set statistical test (one test for annotated basepairs, another for all other pairs)
#
#
# Method Target_E-val [cov_min,cov_max] [FP | TP True Found | Sen PPV F] 
# GTp    0.05         [-9.11,17.64]     [0 | 0 117 0 | 0.00 0.00 0.00] 
#
#       left_pos       right_pos        score          E-value       substitutions      power
#-------------------------------------------------------------------------------------------------------
no significant pairs

# The given structure
# SS_cons {{{{{{{{{{,,,,,,,,,,<<<--<<<<_____>>>>--->>>,[[-[[[-[[[,,,<-
#
# SS_cons <<<<--<<<<<<<-<<<<-<<______>>-->>>>>>>>>->>---->>>>->,<<<<<-
#
# SS_cons <-<<<-<---<<<-<<<<___>>>>->>>->-->>>->>>>>>,,,((((((-((-(((-
#
# SS_cons ((----(((((-(--((((,,,<<<<<<<<<___>>>>--->>>>>,,<<<<-----<<_
#
# SS_cons ______________>>->>>>))))-)-))))--)--)))))----)))))))),,]]]]
#
# SS_cons ]]]],,,,}}}}}}}}}}:::::<<<<-<<<<<<<<<<<----<<<<________>>>>-
#
# SS_cons ------>>>->>>>>>>>>>>>::::
#

# Power analysis of given structure 
#
# covary  left_pos      right_pos    substitutions      power
#----------------------------------------------------------------
          1		318		3		0.00
          2		317		2		0.00
          3		316		2		0.00
          4		315		1		0.00
          5		314		11		0.09
          6		313		2		0.00
          7		312		3		0.00
          8		311		4		0.00
          9		310		7		0.04
          10		309		2		0.00
          21		44		0		0.00
          22		43		7		0.04
          23		42		3		0.00
          26		38		7		0.04
          27		37		1		0.00
          28		36		2		0.00
          29		35		2		0.00
          46		304		1		0.00
          47		303		2		0.00
          49		302		3		0.00
          50		301		5		0.01
          51		300		2		0.00
          53		299		0		0.00
          54		298		0		0.00
          55		297		0		0.00
          59		113		0		0.00
          61		111		4		0.00
          62		110		5		0.01
          63		109		6		0.03
          64		108		3		0.00
          67		103		2		0.00
          68		102		5		0.01
          69		100		5		0.01
          70		99		5		0.01
          71		98		2		0.00
          72		97		5		0.01
          73		96		2		0.00
          75		95		4		0.00
          76		94		1		0.00
          77		93		3		0.00
          78		92		6		0.03
          80		89		3		0.00
          81		88		2		0.00
          115		163		1		0.00
          116		162		0		0.00
          117		161		1		0.00
          118		160		2		0.00
          119		159		2		0.00
          121		158		0		0.00
          123		156		4		0.00
          124		155		2		0.00
          125		154		5		0.01
          127		151		4		0.00
          131		149		0		0.00
          132		148		2		0.00
          133		147		3		0.00
          135		145		6		0.03
          136		144		6		0.03
          137		143		7		0.04
          138		142		3		0.00
          167		294		1		0.00
          168		293		10		0.08
          169		292		5		0.01
          170		291		5		0.01
          171		290		1		0.00
          172		289		1		0.00
          174		288		2		0.00
          175		287		4		0.00
          177		282		8		0.05
          178		281		3		0.00
          179		280		2		0.00
          181		279		8		0.05
          182		278		4		0.00
          187		275		2		0.00
          188		272		8		0.05
          189		271		3		0.00
          190		270		3		0.00
          191		269		7		0.04
          193		267		4		0.00
          196		265		3		0.00
          197		264		3		0.00
          198		263		4		0.00
          199		262		5		0.01
          203		226		2		0.00
          204		225		7		0.04
          205		224		3		0.00
          206		223		2		0.00
          207		222		5		0.01
          208		218		4		0.00
          209		217		4		0.00
          210		216		3		0.00
          211		215		5		0.01
          229		261		1		0.00
          230		260		4		0.00
          231		259		6		0.03
          232		258		3		0.00
          238		256		0		0.00
          239		255		3		0.00
          324		382		5		0.01
          325		381		3		0.00
          326		380		1		0.00
          327		379		4		0.00
          329		378		1		0.00
          330		377		0		0.00
          331		376		2		0.00
          332		375		3		0.00
          333		374		1		0.00
          334		373		6		0.03
          335		372		3		0.00
          336		371		2		0.00
          337		369		2		0.00
          338		368		2		0.00
          339		367		3		0.00
          344		359		8		0.05
          345		358		3		0.00
          346		357		3		0.00
          347		356		5		0.01
#
# BPAIRS 117
# avg substitutions per BP  3.3
# BPAIRS expected to covary 1.0 +/- 1.0
# BPAIRS observed to covary 0
#
