# R-scape :: RNA Structural Covariation Above Phylogenetic Expectation
# R-scape 1.5.16 elenarivas@fas.harvard.edu (August 2020)
# Copyright (C) 2016-2019 Howard Hughes Medical Institute.
# Freely distributed under the GNU General Public License (GPLv3).
#-------------------------------------------------------------------------------------------------------
# MSA RF00228_IRES_HepA nseq 23 (23) alen 572 (578) avgid 96.40 (96.38) nbpairs 102 (102)
# Two-set statistical test (one test for annotated basepairs, another for all other pairs)
#
#
# Method Target_E-val [cov_min,cov_max] [FP | TP True Found | Sen PPV F] 
# GTp    0.05         [-6.90,23.02]     [0 | 0 102 0 | 0.00 0.00 0.00] 
#
#       left_pos       right_pos        score          E-value       substitutions      power
#-------------------------------------------------------------------------------------------------------
no significant pairs

# The given structure
# SS_cons :::::::::::::::::::<<<<_____>>>>::::::::::::::::::::::::::::
#
# SS_cons ::::::::::::::::::::::::::((((((((,,<<<<<<____>>>>>>,,,,,,<<
#
# SS_cons <<<<<_____>>>>>>>,,,,,)))))))):::::::::((((((-((((((((,,,,,,
#
# SS_cons ,,,,,,,,,,,,,,,,,,,,,,,,,,,,,,,,,,,,,,,,,,,,,,,<<<<<<_______
#
# SS_cons _______>>>>>>,<<<<-----<<<<___>>>>---->>>>,,,,,,,,,,,,,,,<<<
#
# SS_cons <<___________________________________>>>>>,,,,,,,,,,,,,<<<<<
#
# SS_cons <_>>>>>>,,,,,,,,,,,,,,,,,,,,,,,,,,,,,,,,,,,,,,,,))))-))))---
#
# SS_cons ))))))((((-(((((((((-(((--(((((((((,<<<<<<<<_______>>>>>>>>,
#
# SS_cons ,,,,,,<<<<<_____>>>>>,)))))))))----))))))))))))--)))):::::::
#
# SS_cons ::::::::::::::::::::::::::::::::::::::
#

# Power analysis of given structure 
#
# covary  left_pos      right_pos    substitutions      power
#----------------------------------------------------------------
          20		32		1		0.00
          21		31		2		0.00
          22		30		0		0.00
          23		29		3		0.00
          87		150		0		0.00
          88		149		0		0.00
          89		148		0		0.00
          90		147		0		0.00
          91		146		0		0.00
          92		145		1		0.00
          93		144		0		0.00
          94		143		1		0.00
          97		112		1		0.00
          98		111		0		0.00
          99		110		0		0.00
          100		109		1		0.00
          101		108		1		0.00
          102		107		0		0.00
          119		137		0		0.00
          120		136		0		0.00
          121		135		0		0.00
          122		134		0		0.00
          123		133		0		0.00
          124		132		0		0.00
          125		131		1		0.00
          160		426		0		0.00
          161		425		3		0.00
          162		424		0		0.00
          163		423		0		0.00
          164		422		1		0.00
          165		421		0		0.00
          167		417		0		0.00
          168		416		1		0.00
          169		415		0		0.00
          170		414		2		0.00
          171		412		0		0.00
          172		411		6		0.03
          173		410		5		0.01
          174		409		0		0.00
          228		253		0		0.00
          229		252		0		0.00
          230		251		3		0.00
          231		250		1		0.00
          232		249		0		0.00
          233		248		0		0.00
          255		282		0		0.00
          256		281		4		0.00
          257		280		0		0.00
          258		279		1		0.00
          264		274		1		0.00
          265		273		0		0.00
          266		272		0		0.00
          267		271		0		0.00
          298		342		0		0.00
          299		341		0		0.00
          300		340		0		0.00
          301		339		0		0.00
          302		338		0		0.00
          356		368		0		0.00
          357		367		0		0.00
          358		366		0		0.00
          359		365		0		0.00
          360		364		0		0.00
          361		363		0		0.00
          427		533		0		0.00
          428		532		0		0.00
          429		531		0		0.00
          430		530		1		0.00
          432		527		0		0.00
          433		526		0		0.00
          434		525		1		0.00
          435		524		0		0.00
          436		523		1		0.00
          437		522		0		0.00
          438		521		0		0.00
          439		520		0		0.00
          440		519		3		0.00
          442		518		6		0.03
          443		517		0		0.00
          444		516		1		0.00
          447		511		0		0.00
          448		510		0		0.00
          449		509		0		0.00
          450		508		0		0.00
          451		507		0		0.00
          452		506		0		0.00
          453		505		0		0.00
          454		504		0		0.00
          455		503		0		0.00
          457		479		0		0.00
          458		478		2		0.00
          459		477		0		0.00
          460		476		2		0.00
          461		475		2		0.00
          462		474		2		0.00
          463		473		0		0.00
          464		472		0		0.00
          487		501		2		0.00
          488		500		3		0.00
          489		499		3		0.00
          490		498		2		0.00
          491		497		0		0.00
#
# BPAIRS 102
# avg substitutions per BP  0.7
# BPAIRS expected to covary 0.1 +/- 0.3
# BPAIRS observed to covary 0
#
