# R-scape :: RNA Structural Covariation Above Phylogenetic Expectation
# R-scape 1.5.16 elenarivas@fas.harvard.edu (August 2020)
# Copyright (C) 2016-2019 Howard Hughes Medical Institute.
# Freely distributed under the GNU General Public License (GPLv3).
#-------------------------------------------------------------------------------------------------------
# MSA RF01846_Fungi_U3 nseq 66 (66) alen 366 (624) avgid 52.13 (50.37) nbpairs 79 (79)
# Two-set statistical test (one test for annotated basepairs, another for all other pairs)
#
#
# Method Target_E-val [cov_min,cov_max] [FP | TP True Found | Sen PPV F] 
# GTp    0.05         [-9.87,91.69]     [7 | 39 79 46 | 49.37 84.78 62.40] 
#
#       left_pos       right_pos        score          E-value       substitutions      power
#-------------------------------------------------------------------------------------------------------
*	     102	     622	91.69306	1.23864e-11	8		0.05
*	     327	     415	82.97499	3.07918e-10	35		0.36
*	     103	     621	82.82240	3.23506e-10	8		0.05
*	     127	     606	78.36792	1.7322e-09	18		0.18
*	     510	     523	75.98538	4.0048e-09	17		0.17
*	     509	     524	64.13872	3.18235e-07	14		0.13
*	     130	     603	63.83942	3.51009e-07	15		0.14
*	     129	     604	63.60358	3.87151e-07	16		0.16
*	     482	     596	59.41935	1.7645e-06	8		0.05
*	     331	     413	58.95527	2.14522e-06	29		0.30
*	     294	     444	58.08329	2.87524e-06	22		0.23
*	     496	     536	57.56734	3.49484e-06	31		0.32
*	     498	     534	55.27725	8.00099e-06	37		0.38
*	     297	     441	54.51070	1.07127e-05	17		0.17
*	     296	     442	52.29398	2.4456e-05	19		0.19
*	     321	     421	51.86956	2.82838e-05	36		0.37
*	     499	     533	51.43206	3.27079e-05	28		0.29
~	     146	     470	67.16032	8.69605e-05	6		0.03
*	     497	     535	48.41376	9.93563e-05	36		0.37
*	     329	     414	48.07097	0.000109403	34		0.35
*	     500	     532	47.95751	0.000114799	31		0.32
*	      71	      82	47.83679	0.000120459	13		0.12
*	     140	     479	47.73626	0.000126397	9		0.07
*	     484	     594	47.12579	0.000153203	9		0.07
*	     320	     423	47.21065	0.000153203	27		0.28
*	     326	     416	46.03411	0.000224914	37		0.38
*	     128	     605	45.90747	0.000235956	12		0.11
*	      67	      86	45.72419	0.000259679	7		0.04
*	      70	      83	45.62901	0.000259679	9		0.07
*	     123	     610	45.19421	0.000314455	12		0.11
*	     495	     537	44.06120	0.0004607	28		0.29
*	     485	     593	40.00544	0.0019945	25		0.26
 	     128	     129	58.55028	0.00209743	13		0.12
 	      62	      90	56.45400	0.00435923	12		0.11
*	     104	     620	37.26727	0.00503885	2		0.00
~	      22	      23	54.33044	0.00949769	13		0.12
*	      11	      43	34.61222	0.0123835	15		0.14
*	     295	     443	34.33341	0.0135154	21		0.21
*	     299	     439	33.91935	0.015392	30		0.31
 	      84	      87	52.06591	0.0216792	8		0.05
*	     319	     424	32.57782	0.0234159	22		0.23
*	      72	      81	32.07084	0.0274523	10		0.08
*	     323	     419	31.45499	0.0319171	35		0.36
 	     128	     604	50.13800	0.0448089	15		0.14
 	      87	      91	50.11264	0.0448089	11		0.09
*	      60	      91	30.00732	0.0491422	14		0.13

# The given structure
# SS_cons ::::<-<<<<<--<<<------<<<<<<_____>>>>>>>>>>>->-->>->:::::::<
#
# SS_cons <<---<<<<<<<<______>>>>>>>>->>>:::::::::((((----------------
#
# SS_cons --(((-(((((((((,,,,<<<--------------------------------------
#
# SS_cons ------------------------------------------------------------
#
# SS_cons ---------------------------------------------------<-<<<<<<-
#
# SS_cons -----------------<<<<<<--<<-<-<_____________________________
#
# SS_cons ____________________________________________________>>>>-->>
#
# SS_cons >->>>------------->>>>>>->------------------------------>>>,
#
# SS_cons <<<<<<--------<<<<<<<------<<<<__________>>>>----->>>>>>>---
#
# SS_cons -------------------------------------------------->->>>>>)))
#
# SS_cons ))))))-)))---------)))):
#

# Power analysis of given structure 
#
# covary  left_pos      right_pos    substitutions      power
#----------------------------------------------------------------
          5		52		13		0.12
          7		50		12		0.11
          8		49		2		0.00
          9		46		16		0.16
          10		44		17		0.17
     *    11		43		15		0.14
          14		42		15		0.14
          15		41		12		0.11
          16		40		7		0.04
          23		39		9		0.07
          24		38		4		0.00
          25		37		1		0.00
          26		36		3		0.00
          27		35		1		0.00
          28		34		3		0.00
     *    60		91		14		0.13
          61		90		11		0.09
          62		89		11		0.09
          66		87		7		0.04
     *    67		86		7		0.04
          68		85		10		0.08
          69		84		6		0.03
     *    70		83		9		0.07
     *    71		82		13		0.12
     *    72		81		10		0.08
          73		80		2		0.00
          101		623		2		0.00
     *    102		622		8		0.05
     *    103		621		8		0.05
     *    104		620		2		0.00
     *    123		610		12		0.11
          124		609		3		0.00
          125		608		4		0.00
     *    127		606		18		0.18
     *    128		605		12		0.11
     *    129		604		16		0.16
     *    130		603		15		0.14
          131		602		18		0.18
          132		601		18		0.18
          133		600		5		0.01
          134		599		1		0.00
          135		598		1		0.00
     *    140		479		9		0.07
          141		478		1		0.00
          142		477		0		0.00
          292		446		15		0.14
     *    294		444		22		0.23
     *    295		443		21		0.21
     *    296		442		19		0.19
     *    297		441		17		0.17
          298		440		14		0.13
     *    299		439		30		0.31
          318		425		24		0.25
     *    319		424		22		0.23
     *    320		423		27		0.28
     *    321		421		36		0.37
          322		420		31		0.32
     *    323		419		35		0.36
     *    326		416		37		0.38
     *    327		415		35		0.36
     *    329		414		34		0.35
     *    331		413		29		0.30
          481		597		10		0.08
     *    482		596		8		0.05
          483		595		3		0.00
     *    484		594		9		0.07
     *    485		593		25		0.26
          486		591		29		0.30
     *    495		537		28		0.29
     *    496		536		31		0.32
     *    497		535		36		0.37
     *    498		534		37		0.38
     *    499		533		28		0.29
     *    500		532		31		0.32
          501		531		19		0.19
          508		525		10		0.08
     *    509		524		14		0.13
     *    510		523		17		0.17
          511		522		9		0.07
#
# BPAIRS 79
# avg substitutions per BP  14.9
# BPAIRS expected to covary 11.0 +/- 2.9
# BPAIRS observed to covary 39
#
