# R-scape :: RNA Structural Covariation Above Phylogenetic Expectation
# R-scape 1.5.16 elenarivas@fas.harvard.edu (August 2020)
# Copyright (C) 2016-2019 Howard Hughes Medical Institute.
# Freely distributed under the GNU General Public License (GPLv3).
#-------------------------------------------------------------------------------------------------------
# MSA RF01854_Bacteria_large_SRP nseq 92 (92) alen 266 (315) avgid 75.14 (74.25) nbpairs 98 (98)
# Two-set statistical test (one test for annotated basepairs, another for all other pairs)
#
#
# Method Target_E-val [cov_min,cov_max] [FP | TP True Found | Sen PPV F] 
# GTp    0.05         [-9.82,192.02]     [0 | 17 98 17 | 17.35 100.00 29.57] 
#
#       left_pos       right_pos        score          E-value       substitutions      power
#-------------------------------------------------------------------------------------------------------
*	     177	     202	192.01875	3.06773e-19	16		0.16
*	     178	     201	100.04098	4.53984e-08	4		0.00
*	     170	     207	95.40156	1.62045e-07	12		0.11
*	     136	     246	87.37142	1.52965e-06	19		0.19
*	     168	     208	79.65356	1.23519e-05	11		0.09
*	     149	     230	75.61480	3.75502e-05	14		0.13
*	     158	     218	71.69641	0.000108252	12		0.11
*	     167	     209	68.52023	0.000256282	7		0.04
*	      10	      61	63.89928	0.00088133	5		0.01
*	     160	     216	61.13027	0.00186979	20		0.20
*	     114	     266	60.85354	0.00205297	9		0.07
*	     115	     265	58.13600	0.00411733	16		0.16
*	     111	     269	54.20570	0.0111637	18		0.18
*	      98	     281	53.03619	0.0151927	12		0.11
*	     110	     270	50.19780	0.0297467	6		0.03
*	     118	     262	49.43279	0.0347562	7		0.04
*	     159	     217	48.73765	0.0402264	8		0.05

# The given structure
# SS_cons [[[[[[[((((,<<<<<<<<___>>>>>>>>,,,,,<<<<<<__________>>>>>>,)
#
# SS_cons ))),,,,,,,<<<-<<<<--<<<<<<---<<<<<-<<<<<----<<---<<<<<<--<<-
#
# SS_cons <<<----------<<<<<<<<<---<<<<<<---<<-<<<<<--<<<<-<<<---<<<<<
#
# SS_cons ----<<<____>>>---->>>>>->>>>>>>-->>>>>->>------>>>>>>----->>
#
# SS_cons ->>>>>>>------->>>-->>-->>>>>>--->>--->>>>>-->>>>>--->>>>>>-
#
# SS_cons >>>>->>>]]]]]]]
#

# Power analysis of given structure 
#
# covary  left_pos      right_pos    substitutions      power
#----------------------------------------------------------------
          1		315		4		0.00
          2		314		0		0.00
          3		313		1		0.00
          4		312		1		0.00
          5		311		3		0.00
          6		310		0		0.00
          7		309		1		0.00
          8		63		2		0.00
          9		62		11		0.09
     *    10		61		5		0.01
          11		60		8		0.05
          13		31		1		0.00
          14		30		0		0.00
          15		29		1		0.00
          16		28		2		0.00
          17		27		1		0.00
          18		26		1		0.00
          19		25		1		0.00
          20		24		0		0.00
          37		58		1		0.00
          38		57		8		0.05
          39		56		7		0.04
          40		55		1		0.00
          41		54		2		0.00
          42		53		2		0.00
          71		308		0		0.00
          72		307		1		0.00
          73		306		8		0.05
          75		304		12		0.11
          76		303		13		0.12
          77		302		13		0.12
          78		301		13		0.12
          81		299		0		0.00
          82		298		0		0.00
          83		297		2		0.00
          84		296		8		0.05
          85		295		11		0.09
          86		294		12		0.11
          90		290		11		0.09
          91		289		13		0.12
          92		288		16		0.16
          93		287		12		0.11
          94		286		8		0.05
          96		283		11		0.09
          97		282		11		0.09
     *    98		281		12		0.11
          99		280		14		0.13
          100		279		5		0.01
          105		275		3		0.00
          106		274		2		0.00
     *    110		270		6		0.03
     *    111		269		18		0.18
          112		268		11		0.09
          113		267		9		0.07
     *    114		266		9		0.07
     *    115		265		16		0.16
     *    118		262		7		0.04
          119		261		8		0.05
          121		258		3		0.00
          122		257		2		0.00
          123		256		4		0.00
          134		248		15		0.14
          135		247		10		0.08
     *    136		246		19		0.19
          137		245		16		0.16
          138		244		8		0.05
          139		243		7		0.04
          140		242		4		0.00
          141		240		3		0.00
          142		239		9		0.07
          146		233		6		0.03
          147		232		3		0.00
          148		231		9		0.07
     *    149		230		14		0.13
          150		229		4		0.00
          151		228		3		0.00
          155		221		2		0.00
          156		220		2		0.00
     *    158		218		12		0.11
     *    159		217		8		0.05
     *    160		216		20		0.20
          161		215		8		0.05
          162		214		3		0.00
          165		211		14		0.13
          166		210		15		0.14
     *    167		209		7		0.04
     *    168		208		11		0.09
     *    170		207		12		0.11
          171		206		5		0.01
          172		205		0		0.00
          176		203		2		0.00
     *    177		202		16		0.16
     *    178		201		4		0.00
          179		200		0		0.00
          180		199		0		0.00
          185		194		2		0.00
          186		193		2		0.00
          187		192		1		0.00
#
# BPAIRS 98
# avg substitutions per BP  6.6
# BPAIRS expected to covary 4.7 +/- 2.0
# BPAIRS observed to covary 17
#
