# R-scape :: RNA Structural Covariation Above Phylogenetic Expectation
# R-scape 1.5.16 elenarivas@fas.harvard.edu (August 2020)
# Copyright (C) 2016-2019 Howard Hughes Medical Institute.
# Freely distributed under the GNU General Public License (GPLv3).
#-------------------------------------------------------------------------------------------------------
# MSA RF01502_Fungi_SRP nseq 50 (50) alen 522 (754) avgid 41.62 (40.40) nbpairs 117 (117)
# Two-set statistical test (one test for annotated basepairs, another for all other pairs)
#
#
# Method Target_E-val [cov_min,cov_max] [FP | TP True Found | Sen PPV F] 
# GTp    0.05         [-9.88,84.81]     [0 | 44 117 44 | 37.61 100.00 54.66] 
#
#       left_pos       right_pos        score          E-value       substitutions      power
#-------------------------------------------------------------------------------------------------------
*	     399	     411	84.81422	5.57238e-13	22		0.23
*	     483	     524	81.17190	2.71283e-12	26		0.27
*	     482	     525	76.87188	1.70249e-11	14		0.13
*	     500	     509	67.53968	1.00199e-09	6		0.03
*	     315	     532	64.47606	3.7584e-09	12		0.11
*	     481	     526	61.60500	1.27178e-08	22		0.23
*	       3	      14	60.30901	2.22256e-08	16		0.16
*	     396	     414	60.01703	2.58792e-08	14		0.13
*	     279	     563	59.64287	3.01326e-08	8		0.05
*	     492	     517	58.50287	4.75585e-08	10		0.08
*	     285	     553	58.26014	5.53694e-08	15		0.14
*	     493	     516	56.02160	1.4496e-07	8		0.05
*	     484	     523	53.70600	3.79046e-07	23		0.24
*	     403	     408	51.72149	8.94691e-07	6		0.03
*	     388	     423	49.49730	2.33273e-06	27		0.28
*	     494	     515	47.17617	6.38361e-06	8		0.05
*	     398	     412	45.31663	1.42576e-05	12		0.11
*	     397	     413	44.80940	1.74248e-05	14		0.13
*	     306	     540	44.24636	2.23868e-05	6		0.03
*	     501	     508	43.70074	2.73521e-05	4		0.00
*	      27	     738	43.03137	3.69295e-05	23		0.24
*	     491	     518	40.84567	9.53376e-05	20		0.20
*	      43	     725	40.37275	0.000116349	25		0.26
*	     485	     522	36.15486	0.000691481	25		0.26
*	     310	     536	35.97380	0.000726339	9		0.07
*	     402	     409	35.08346	0.00107563	8		0.05
*	     390	     421	34.36325	0.00144247	19		0.19
*	     395	     415	34.27853	0.00151463	15		0.14
*	     308	     538	33.94926	0.00166981	16		0.16
*	     314	     533	31.15165	0.00532299	10		0.08
*	     281	     561	31.01779	0.00558332	6		0.03
*	     480	     527	30.95614	0.00585604	18		0.18
*	     490	     519	29.37286	0.010821	15		0.14
*	     272	     571	28.88789	0.0136531	16		0.16
*	     188	     623	28.21435	0.0171793	20		0.20
*	     235	     242	28.17774	0.0179801	21		0.21
*	     313	     534	27.83944	0.019687	7		0.04
*	     287	     551	27.65904	0.0215421	14		0.13
*	     280	     562	27.22650	0.0257365	4		0.00
*	     267	     576	26.92833	0.0280943	21		0.21
*	     387	     424	26.77101	0.0306367	25		0.26
*	     232	     245	26.54848	0.0319791	18		0.18
*	     286	     552	25.92758	0.041042	16		0.16
*	     307	     539	25.75869	0.0427136	10		0.08

# The given structure
# SS_cons <<<<________>>>>:::::::[[[[[[[[---------[[[[[[[---[[[[--[[[-
#
# SS_cons ------------------------------------------------------------
#
# SS_cons ---------------------------------------------------------[[[
#
# SS_cons [----[[[[[[[[[[,,,,,,,,,,,,,,,,,,,,,,,,,,,,,,,,,,<<<<<<<____
#
# SS_cons >>>>>>>,,,,,,,,,,,,,,,,,,((((--((((((((((-((((((((----------
#
# SS_cons ----((((-((-(((((,,,,,,,,,,,,,,,,,,,,,,,,,,,,,,,,,,,,,,,,,,,
#
# SS_cons ,,,,,,,,,,,,,,,,,,,,<-<<<<<<<<-<<<<<<<<--<<____>>->>>>>>>>--
#
# SS_cons >>>>>>>>->,,,,,,,,,,,,,,,,,,,,,<<<___>>>,,,,,,,,,,,,,,,,,,<<
#
# SS_cons <<<<<----<<<<<----<<<______>>>---->>>>>-->>>>>>>,)))))))-)))
#
# SS_cons )-----)))-)))))-----)))))))-)))--)))),,,,,,,,,,,,,,,,,,,,,,,
#
# SS_cons ,,,,,,,,,,,,,,,]]]]]]]]]]-]]]]--------------]]]-]]]]--------
#
# SS_cons ------------------------------------------------------------
#
# SS_cons ]]]]]]]------]]]]]]]]:::::::::::::
#

# Power analysis of given structure 
#
# covary  left_pos      right_pos    substitutions      power
#----------------------------------------------------------------
          1		16		18		0.18
          2		15		17		0.17
     *    3		14		16		0.16
          4		13		2		0.00
          24		741		19		0.19
          25		740		21		0.21
          26		739		18		0.18
     *    27		738		23		0.24
          28		737		18		0.18
          29		736		16		0.16
          30		735		16		0.16
          31		734		17		0.17
          41		727		21		0.21
          42		726		26		0.27
     *    43		725		25		0.26
          44		724		32		0.33
          45		723		23		0.24
          46		722		24		0.25
          47		721		20		0.20
          51		652		15		0.14
          52		651		24		0.25
          53		650		25		0.26
          54		649		20		0.20
          57		647		20		0.20
          58		646		20		0.20
          59		645		23		0.24
          178		630		19		0.19
          179		629		22		0.23
          180		628		22		0.23
          181		627		17		0.17
          186		625		14		0.13
          187		624		19		0.19
     *    188		623		20		0.20
          189		622		23		0.24
          190		621		20		0.20
          191		620		21		0.21
          192		619		24		0.25
          193		618		25		0.26
          194		617		16		0.16
          195		616		20		0.20
          230		247		17		0.17
          231		246		14		0.13
     *    232		245		18		0.18
          233		244		19		0.19
          234		243		21		0.21
     *    235		242		21		0.21
          236		241		17		0.17
          266		577		13		0.12
     *    267		576		21		0.21
          268		575		17		0.17
          269		574		19		0.19
     *    272		571		16		0.16
          273		570		25		0.26
          274		569		23		0.24
          275		567		25		0.26
          276		566		18		0.18
          277		565		12		0.11
          278		564		11		0.09
     *    279		563		8		0.05
     *    280		562		4		0.00
     *    281		561		6		0.03
          283		555		3		0.00
          284		554		10		0.08
     *    285		553		15		0.14
     *    286		552		16		0.16
     *    287		551		14		0.13
          288		549		16		0.16
          289		548		11		0.09
          290		547		6		0.03
          305		541		3		0.00
     *    306		540		6		0.03
     *    307		539		10		0.08
     *    308		538		16		0.16
     *    310		536		9		0.07
          311		535		18		0.18
     *    313		534		7		0.04
     *    314		533		10		0.08
     *    315		532		12		0.11
          316		531		6		0.03
          317		530		4		0.00
          381		430		16		0.16
          383		428		17		0.17
          384		427		23		0.24
          385		426		27		0.28
          386		425		26		0.27
     *    387		424		25		0.26
     *    388		423		27		0.28
          389		422		25		0.26
     *    390		421		19		0.19
          392		418		15		0.14
          393		417		17		0.17
          394		416		11		0.09
     *    395		415		15		0.14
     *    396		414		14		0.13
     *    397		413		14		0.13
     *    398		412		12		0.11
     *    399		411		22		0.23
     *    402		409		8		0.05
     *    403		408		6		0.03
          452		460		10		0.08
          453		459		14		0.13
          454		458		19		0.19
          479		528		16		0.16
     *    480		527		18		0.18
     *    481		526		22		0.23
     *    482		525		14		0.13
     *    483		524		26		0.27
     *    484		523		23		0.24
     *    485		522		25		0.26
     *    490		519		15		0.14
     *    491		518		20		0.20
     *    492		517		10		0.08
     *    493		516		8		0.05
     *    494		515		8		0.05
          499		510		2		0.00
     *    500		509		6		0.03
     *    501		508		4		0.00
#
# BPAIRS 117
# avg substitutions per BP  16.6
# BPAIRS expected to covary 18.7 +/- 3.9
# BPAIRS observed to covary 44
#
