# R-scape :: RNA Structural Covariation Above Phylogenetic Expectation
# R-scape 1.5.16 elenarivas@fas.harvard.edu (August 2020)
# Copyright (C) 2016-2019 Howard Hughes Medical Institute.
# Freely distributed under the GNU General Public License (GPLv3).
#-------------------------------------------------------------------------------------------------------
# MSA RF01959_SSU_rRNA_archaea nseq 86 (86) alen 1489 (1958) avgid 75.38 (75.19) nbpairs 457 (457)
# Two-set statistical test (one test for annotated basepairs, another for all other pairs)
#
#
# Method Target_E-val [cov_min,cov_max] [FP | TP True Found | Sen PPV F] 
# GTp    0.05         [-9.76,200.75]     [0 | 199 457 199 | 43.54 100.00 60.67] 
#
#       left_pos       right_pos        score          E-value       substitutions      power
#-------------------------------------------------------------------------------------------------------
*	     149	     278	200.75120	7.31403e-16	62		0.57
*	     649	     657	190.46985	8.03535e-15	49		0.48
*	     879	     894	188.47629	1.24216e-14	55		0.53
*	     708	     777	180.82127	7.48628e-14	46		0.46
*	     468	     490	180.02426	8.81376e-14	52		0.50
*	     863	     924	172.12115	5.30588e-13	48		0.47
*	     501	     517	171.54622	6.24605e-13	67		0.61
*	     208	     220	171.35580	6.59509e-13	57		0.54
*	    1488	    1506	169.31021	1.01888e-12	75		0.65
*	     376	     389	167.61000	1.57397e-12	28		0.29
*	     200	     226	167.48082	1.57397e-12	46		0.46
*	      74	      98	167.05394	1.75472e-12	55		0.53
*	    1616	    1673	165.61250	2.43128e-12	28		0.29
*	     137	     287	165.56900	2.43128e-12	32		0.33
*	    1638	    1648	164.47817	3.19038e-12	44		0.44
*	    1533	    1542	164.33212	3.36855e-12	55		0.53
*	     154	     193	163.73722	3.75527e-12	44		0.44
*	    1738	    1746	162.92615	4.42013e-12	44		0.44
*	     624	     683	163.13608	4.42013e-12	64		0.59
*	    1490	    1502	162.31245	5.20263e-12	65		0.59
*	     201	     225	159.33011	1.05418e-11	52		0.50
*	    1821	    1855	158.91636	1.11302e-11	65		0.59
*	     646	     661	155.52420	2.5133e-11	53		0.51
*	     350	     357	155.38029	2.5133e-11	34		0.35
*	     375	     390	152.46743	5.08989e-11	36		0.37
*	      25	     585	151.69099	5.98984e-11	26		0.27
*	      64	     108	150.79915	7.44185e-11	28		0.29
*	     469	     489	150.45122	7.8568e-11	50		0.49
*	    1465	    1555	150.10722	8.75737e-11	36		0.37
*	     864	     923	149.33224	1.03053e-10	25		0.26
*	     349	     358	148.32723	1.28026e-10	34		0.35
*	    1534	    1541	147.69663	1.5065e-10	42		0.42
*	    1222	    1270	146.51708	1.97578e-10	27		0.28
*	    1820	    1856	146.17279	2.08589e-10	77		0.66
*	     621	     688	146.12479	2.20213e-10	36		0.37
*	     499	     519	145.88094	2.32484e-10	52		0.50
*	     711	     775	145.08799	2.73552e-10	42		0.42
*	     645	     662	145.10868	2.73552e-10	36		0.37
*	     150	     277	145.02463	2.73552e-10	46		0.46
*	     636	     670	144.75444	2.88793e-10	39		0.40
*	     502	     516	144.07355	3.39801e-10	30		0.31
*	    1792	    1889	143.41106	3.99811e-10	22		0.23
*	    1489	    1503	142.17987	5.24271e-10	78		0.67
*	    1472	    1522	141.44282	6.51182e-10	43		0.43
*	     712	     774	140.89592	7.25723e-10	36		0.37
*	    1819	    1857	140.24151	8.53821e-10	52		0.50
*	     203	     223	139.84634	9.01357e-10	63		0.58
*	      63	     109	139.84092	9.01357e-10	40		0.41
*	     648	     658	138.32896	1.317e-09	56		0.53
*	     308	     328	138.37587	1.317e-09	20		0.20
*	     202	     224	137.84736	1.46768e-09	74		0.65
*	     881	     892	137.32154	1.63558e-09	37		0.38
*	    1475	    1520	136.74168	1.82268e-09	26		0.27
*	    1487	    1507	136.55179	1.92411e-09	43		0.43
*	    1491	    1501	135.92116	2.26348e-09	60		0.56
*	     647	     660	135.77499	2.38941e-09	56		0.53
*	     721	     749	134.60209	3.13219e-09	42		0.42
*	    1632	    1655	131.33454	6.32965e-09	38		0.39
*	     155	     192	131.28618	6.68152e-09	51		0.50
*	     909	     914	130.23386	8.29556e-09	25		0.26
*	     500	     518	130.02827	8.75661e-09	57		0.54
*	     812	     847	129.77050	9.24325e-09	41		0.41
*	     710	     776	127.40723	1.58728e-08	37		0.38
*	     428	     447	126.98621	1.7685e-08	16		0.16
*	     880	     893	125.52127	2.44587e-08	43		0.43
*	     544	     570	125.45857	2.44587e-08	16		0.16
*	    1215	    1588	125.18115	2.58167e-08	20		0.20
*	     623	     684	125.15379	2.725e-08	46		0.46
*	      75	      97	125.11466	2.725e-08	47		0.46
*	      38	     455	124.79130	2.87628e-08	34		0.35
*	     874	     899	124.33410	3.20448e-08	28		0.29
*	     199	     227	124.02616	3.38235e-08	70		0.62
*	    1822	    1854	122.77473	4.6769e-08	57		0.54
*	    1474	    1521	122.57939	4.6769e-08	45		0.45
*	      37	     456	122.67491	4.6769e-08	33		0.34
*	     156	     191	122.46369	4.93639e-08	41		0.41
*	     436	     441	122.29335	5.21027e-08	29		0.30
*	    1532	    1543	120.74097	7.20339e-08	34		0.35
*	     707	     778	120.76617	7.20339e-08	35		0.36
*	    1477	    1518	118.87415	1.10925e-07	19		0.19
*	     427	     448	118.66300	1.17074e-07	18		0.18
*	     348	     359	118.57228	1.17074e-07	14		0.13
*	     503	     515	117.79705	1.45266e-07	19		0.19
*	    1213	    1590	117.16570	1.61811e-07	34		0.35
*	    1736	    1748	117.12917	1.70776e-07	30		0.31
*	     634	     672	117.03625	1.70776e-07	39		0.40
*	     467	     491	117.00857	1.70776e-07	24		0.25
*	     435	     442	117.03497	1.70776e-07	23		0.24
*	    1216	    1587	116.69402	1.80238e-07	43		0.43
*	    1615	    1674	116.06220	2.11881e-07	39		0.40
*	     470	     488	115.16727	2.62863e-07	34		0.35
*	      40	     453	114.96856	2.77418e-07	37		0.38
*	     875	     898	113.24093	4.04508e-07	38		0.39
*	     878	     895	112.73634	4.50516e-07	56		0.53
*	     697	     787	112.48455	4.75443e-07	15		0.14
*	    1683	    1715	112.40168	5.01748e-07	17		0.17
*	     877	     896	112.42286	5.01748e-07	58		0.55
*	     811	     848	112.43171	5.01748e-07	28		0.29
*	     198	     228	111.98017	5.29506e-07	60		0.56
*	     533	     573	111.38643	6.22323e-07	26		0.27
*	      34	     460	111.32467	6.22323e-07	32		0.33
*	    1438	    1447	111.14491	6.56741e-07	18		0.18
*	    1175	    1604	110.92963	6.93059e-07	15		0.14
*	     696	     789	110.86679	6.93059e-07	24		0.25
*	     471	     487	110.50540	7.71822e-07	41		0.41
*	    1803	    1874	109.67186	9.07033e-07	34		0.35
*	     530	     576	109.63045	9.07033e-07	37		0.38
*	     236	     272	108.89764	1.06589e-06	52		0.50
*	    1217	    1586	108.83454	1.12479e-06	21		0.21
*	     876	     897	108.36248	1.25252e-06	30		0.31
*	     299	     338	107.05210	1.63881e-06	10		0.08
*	    1165	    1724	106.09853	2.03183e-06	12		0.11
*	    1471	    1523	103.33608	3.87037e-06	32		0.33
*	     706	     779	103.01584	4.08375e-06	14		0.13
*	    1691	    1708	102.94729	4.30888e-06	34		0.35
*	    1791	    1890	102.24881	5.06132e-06	13		0.12
*	      41	     452	101.95463	5.34021e-06	19		0.19
*	     372	     393	102.04309	5.34021e-06	10		0.08
*	     141	     285	101.90944	5.34021e-06	18		0.18
*	     532	     574	101.45111	5.94484e-06	10		0.08
*	     466	     492	99.14414	1.016e-05	27		0.28
*	     296	     339	99.12346	1.016e-05	19		0.19
*	     151	     276	99.11030	1.016e-05	26		0.27
*	     719	     751	98.19155	1.25868e-05	26		0.27
*	     377	     388	97.80366	1.40091e-05	12		0.11
*	    1689	    1710	97.46126	1.47793e-05	26		0.27
*	     344	     367	97.22643	1.55917e-05	15		0.14
*	    1737	    1747	96.54677	1.83061e-05	40		0.41
*	     942	     988	96.53506	1.83061e-05	13		0.12
*	    1617	    1672	95.65746	2.26719e-05	46		0.46
*	    1224	    1268	95.37358	2.39167e-05	27		0.28
*	    1168	    1721	94.89204	2.66147e-05	6		0.03
*	      22	     588	94.09826	3.12411e-05	6		0.03
*	     311	     325	93.86277	3.2955e-05	27		0.28
*	     705	     780	93.46263	3.66691e-05	21		0.21
*	    1237	    1254	92.11553	5.05067e-05	40		0.41
*	     165	     180	91.76349	5.32735e-05	17		0.17
*	     295	     340	91.22673	5.92684e-05	19		0.19
*	     204	     222	91.34270	5.92684e-05	66		0.60
*	    1618	    1671	91.13221	6.25135e-05	25		0.26
*	    1241	    1249	91.08365	6.25135e-05	35		0.36
*	    1164	    1725	89.97239	8.15952e-05	5		0.01
*	    1807	    1870	87.95422	0.000124896	29		0.30
*	    1812	    1865	88.01246	0.000124896	16		0.16
*	      24	     586	87.58540	0.000138907	39		0.40
*	    1228	    1265	87.25054	0.000146489	27		0.28
*	     498	     520	86.60314	0.000171799	46		0.46
*	     862	     925	86.23731	0.000191046	30		0.31
*	     865	     922	85.91598	0.00020146	14		0.13
*	    1806	    1871	84.22499	0.000292012	41		0.41
*	    1492	    1500	84.33377	0.000292012	21		0.21
*	    1485	    1510	84.04956	0.000307899	25		0.26
*	      27	     583	84.00455	0.000307899	8		0.05
*	    1915	    1944	83.30556	0.00036091	12		0.11
*	     314	     322	83.33551	0.00036091	12		0.11
*	    1804	    1873	83.09972	0.000380525	50		0.49
*	     633	     673	82.86565	0.000401201	45		0.45
*	     625	     681	81.58552	0.000522591	40		0.41
*	      73	      99	81.12597	0.000580813	32		0.33
*	     762	     773	80.70027	0.000645482	21		0.21
*	     632	     674	80.75907	0.000645482	22		0.23
*	     610	     803	79.56432	0.000840192	8		0.05
*	    1235	    1256	79.12695	0.000933522	31		0.32
*	      23	     587	78.54605	0.00103715	8		0.05
*	    1793	    1888	77.48046	0.00134891	16		0.16
*	     307	     329	76.59993	0.00157895	7		0.04
*	    1223	    1269	76.34526	0.00166396	21		0.21
*	      35	     458	76.16567	0.00175352	14		0.13
*	     157	     190	73.92494	0.00295823	23		0.24
*	     824	     838	72.93043	0.00364396	14		0.13
*	     123	     368	72.97065	0.00364396	8		0.05
*	     729	     738	72.39371	0.00404363	14		0.13
*	     638	     668	72.54526	0.00404363	22		0.23
*	    1823	    1853	72.31072	0.00425943	44		0.44
*	    1170	    1608	72.21883	0.00425943	9		0.07
*	    1808	    1869	72.06799	0.00448661	42		0.42
*	     718	     752	71.05030	0.00552141	17		0.17
*	     637	     669	70.98603	0.00552141	14		0.13
*	    1173	    1606	70.65557	0.00612393	10		0.08
*	    1470	    1524	70.11405	0.00679125	22		0.23
*	    1818	    1858	69.80151	0.00715131	39		0.40
*	     310	     326	68.54505	0.00974201	10		0.08
*	    1619	    1670	67.44519	0.0119616	16		0.16
*	    1694	    1705	67.01160	0.0132506	14		0.13
*	    1424	    1433	66.95924	0.0132506	13		0.12
*	      54	     411	66.73503	0.0139453	8		0.05
*	    1426	    1431	66.37730	0.0154434	18		0.18
*	    1811	    1866	66.15301	0.0162505	26		0.27
*	    1174	    1605	66.11442	0.0162505	13		0.12
*	     142	     284	65.97204	0.0162505	14		0.13
*	     424	     450	65.74602	0.0170987	10		0.08
*	     601	     928	64.68538	0.0220325	10		0.08
*	    1914	    1945	63.46119	0.0283421	12		0.11
*	     823	     839	63.46663	0.0283421	14		0.13
*	    1236	    1255	62.16051	0.0382407	18		0.18
*	     866	     921	61.94414	0.0401854	19		0.19
*	     882	     891	61.59993	0.0422246	12		0.11
*	     693	     791	61.15873	0.0466038	12		0.11
*	     698	     786	61.12319	0.0466038	16		0.16

# The given structure
# SS_cons :::<<<<<_______>>>>>:{{{{{{{{{{,{{{{{{{{{{-----{{{-{{{,,<<<-
#
# SS_cons --<<<-------<<<<___________________>>>>------->>>-->>>,,,,,,
#
# SS_cons [[[,,,,,,,((((((((--((---(((((((,<<<<----<<<<--<-<-<____>>>>
#
# SS_cons >>>------>>>>,,,,<<<<<<<<--<<_________>>>>>>>>>>,,,,,,<<____
#
# SS_cons _______________________________>>,)))))))--))))))))))<<<--<-
#
# SS_cons -<<<--<<<<<<<<_______>>>>>>>>>>>----->>>>,,<<<<<<<<____>>>>-
#
# SS_cons --->>>>]]],<<<<<<__________>>>>>>,<<<<_____>>>>,,,}}}}}}-},,
#
# SS_cons ,,,<-<<<---<<<<<____>>>>>->>>>,}}}}}}}-}},,,<<<<<<<<________
#
# SS_cons _____>>>>>>>>,,,<<<<<<<<_________>>>>>>>---->,,,<<<<<<------
#
# SS_cons --<<<<-----<<_____>>------->>>>>>>>>>,}}}}}}}}}}::::::::::{{
#
# SS_cons {-----{,[[[[-[-[[[,<<<<<<<-<-<<<<<<<<<<----<<<<<<<_____>>>->
#
# SS_cons >>>--->>>>>>>>>-->>>>->>-->>>,,,((-(((((((--((((-(((<<--<<<<
#
# SS_cons <<<<---<<<______>>>------>>>>>>>>-->>,,,,<--<<____>>>)))))))
#
# SS_cons -))))))-))),,,]]]]--]]]],,,,<<<<<<---<<---<<<<_________>>>>-
#
# SS_cons -->>>>>>>>,,,,,,,,,,((((((,,<<<<<<<<<<<<<<________>>>>>>>>>>
#
# SS_cons >>>>,,,<<____>>,,,,,))))))}}}}:<<<------<<<<________________
#
# SS_cons _________________________>>>>-------------------------------
#
# SS_cons ------------------------------------------------------------
#
# SS_cons ----------------------------------------------------->>>::::
#
# SS_cons ::::{{{{{-{{{{{{{--{{,,{{{{{{{{-{{{{{{{{{,,,,<<<<________>>>
#
# SS_cons >,,,,,,,,,{{{{{{{,,,<<<<--<<------<<<<<<<_______>>>->>>>----
#
# SS_cons ---->>->>>>,,,[[-[[[[--[[[[[[[[[,,,,,,,,,,,,,,,,,,,,,,,,,,,,
#
# SS_cons ,,,,,,,,,,,,,,,,,,,,,,,,,,,,,,,,,,,,,,,,,,,,,,,,,,,,,,,,,,,,
#
# SS_cons ,,,,,,,,,,,,,,,,,,,,,,,,,,,,,,,,,,,,,((((((<<<____>>>,,<<<<_
#
# SS_cons _____>>>>,,)))))),,,,,((((,,,<<<-<<<<---<<--<-<<<<<<_______>
#
# SS_cons >>>-->>-->->>---->>>>>>>,,<<<<<<<<______>>>>>>>>,,,,,)))),,,
#
# SS_cons ,]]]]-]]]----]]]]]]]],,,,}}}}}}},,,,}}-}}}}}}}}}},,,<<<<<<<-
#
# SS_cons ----<<<----<<---<<<<_____>>>-->-->>---->>>------->>>>>>>,,,,
#
# SS_cons ,,<----<<<<<<<<________>>>>>>>>--->,,,,,}}}}},,,,,<<<<<<<<__
#
# SS_cons _____>>>>>>>>,,,,,,}}---}}}}}}}}}}-}}::<-<<-<<-<--<<<<<<<<--
#
# SS_cons <<<<<<<<<<<<<<<<<<<<<<<<<_________________________>>>>>>>>>>
#
# SS_cons ->>>>>>>>>>>>>>>------>>>>>>>>-->->>-->>-------->:::<<<<<<<<
#
# SS_cons <<______________>>>>>>>>>->:::::::::::
#

# Power analysis of given structure 
#
# covary  left_pos      right_pos    substitutions      power
#----------------------------------------------------------------
          4		20		4		0.00
          5		19		13		0.12
          6		18		6		0.03
          7		17		9		0.07
          8		16		0		0.00
     *    22		588		6		0.03
     *    23		587		8		0.05
     *    24		586		39		0.40
     *    25		585		26		0.27
          26		584		4		0.00
     *    27		583		8		0.05
          28		582		12		0.11
          29		581		5		0.01
          30		580		2		0.00
          31		579		1		0.00
          33		461		2		0.00
     *    34		460		32		0.33
     *    35		458		14		0.13
          36		457		9		0.07
     *    37		456		33		0.34
     *    38		455		34		0.35
          39		454		2		0.00
     *    40		453		37		0.38
     *    41		452		19		0.19
          42		418		4		0.00
          48		416		5		0.01
          49		415		4		0.00
          50		414		0		0.00
          52		413		0		0.00
          53		412		0		0.00
     *    54		411		8		0.05
          57		114		1		0.00
          58		113		3		0.00
          59		112		28		0.29
     *    63		109		40		0.41
     *    64		108		28		0.29
          65		107		19		0.19
     *    73		99		32		0.33
     *    74		98		55		0.53
     *    75		97		47		0.46
          76		96		46		0.46
          121		370		0		0.00
          122		369		0		0.00
     *    123		368		8		0.05
          131		293		9		0.07
          132		292		0		0.00
          133		291		4		0.00
          134		290		10		0.08
          135		289		12		0.11
          136		288		3		0.00
     *    137		287		32		0.33
          138		286		20		0.20
     *    141		285		18		0.18
     *    142		284		14		0.13
          146		281		0		0.00
          147		280		2		0.00
          148		279		6		0.03
     *    149		278		62		0.57
     *    150		277		46		0.46
     *    151		276		26		0.27
          152		275		2		0.00
     *    154		193		44		0.44
     *    155		192		51		0.50
     *    156		191		41		0.41
     *    157		190		23		0.24
          162		183		34		0.35
          163		182		14		0.13
          164		181		8		0.05
     *    165		180		17		0.17
          168		179		4		0.00
          170		178		0		0.00
          172		177		8		0.05
     *    198		228		60		0.56
     *    199		227		70		0.62
     *    200		226		46		0.46
     *    201		225		52		0.50
     *    202		224		74		0.65
     *    203		223		63		0.58
     *    204		222		66		0.60
          205		221		59		0.55
     *    208		220		57		0.54
          209		219		14		0.13
          235		273		12		0.11
     *    236		272		52		0.50
          294		341		4		0.00
     *    295		340		19		0.19
     *    296		339		19		0.19
     *    299		338		10		0.08
          302		332		0		0.00
          303		331		4		0.00
          304		330		7		0.04
     *    307		329		7		0.04
     *    308		328		20		0.20
          309		327		3		0.00
     *    310		326		10		0.08
     *    311		325		27		0.28
          312		324		6		0.03
          313		323		18		0.18
     *    314		322		12		0.11
     *    344		367		15		0.14
          345		366		12		0.11
          346		365		3		0.00
          347		364		0		0.00
     *    348		359		14		0.13
     *    349		358		34		0.35
     *    350		357		34		0.35
          351		356		0		0.00
     *    372		393		10		0.08
          373		392		2		0.00
          374		391		2		0.00
     *    375		390		36		0.37
     *    376		389		28		0.29
     *    377		388		12		0.11
          395		407		14		0.13
          396		406		5		0.01
          397		405		2		0.00
          398		404		1		0.00
     *    424		450		10		0.08
          426		449		22		0.23
     *    427		448		18		0.18
     *    428		447		16		0.16
          432		445		0		0.00
          433		444		14		0.13
          434		443		15		0.14
     *    435		442		23		0.24
     *    436		441		29		0.30
          465		493		3		0.00
     *    466		492		27		0.28
     *    467		491		24		0.25
     *    468		490		52		0.50
     *    469		489		50		0.49
     *    470		488		34		0.35
     *    471		487		41		0.41
          472		486		23		0.24
          497		525		21		0.21
     *    498		520		46		0.46
     *    499		519		52		0.50
     *    500		518		57		0.54
     *    501		517		67		0.61
     *    502		516		30		0.31
     *    503		515		19		0.19
          504		514		17		0.17
          529		577		3		0.00
     *    530		576		37		0.38
          531		575		10		0.08
     *    532		574		10		0.08
     *    533		573		26		0.27
          534		572		2		0.00
          543		571		10		0.08
     *    544		570		16		0.16
          545		569		2		0.00
          546		568		4		0.00
          552		560		0		0.00
          553		559		0		0.00
          599		930		6		0.03
          600		929		1		0.00
     *    601		928		10		0.08
          607		927		2		0.00
          609		804		4		0.00
     *    610		803		8		0.05
          611		802		18		0.18
          612		801		5		0.01
          614		798		4		0.00
          616		797		2		0.00
          617		796		0		0.00
          618		795		23		0.24
          620		689		0		0.00
     *    621		688		36		0.37
          622		687		25		0.26
     *    623		684		46		0.46
     *    624		683		64		0.59
     *    625		681		40		0.41
          626		680		38		0.39
          628		679		24		0.25
          630		678		1		0.00
          631		675		7		0.04
     *    632		674		22		0.23
     *    633		673		45		0.45
     *    634		672		39		0.40
          635		671		31		0.32
     *    636		670		39		0.40
     *    637		669		14		0.13
     *    638		668		22		0.23
          639		667		25		0.26
          644		663		10		0.08
     *    645		662		36		0.37
     *    646		661		53		0.51
     *    647		660		56		0.53
     *    648		658		56		0.53
     *    649		657		49		0.48
          650		656		4		0.00
     *    693		791		12		0.11
          694		790		13		0.12
     *    696		789		24		0.25
     *    697		787		15		0.14
     *    698		786		16		0.16
          699		785		4		0.00
          700		784		6		0.03
          701		783		22		0.23
          702		782		14		0.13
     *    705		780		21		0.21
     *    706		779		14		0.13
     *    707		778		35		0.36
     *    708		777		46		0.46
     *    710		776		37		0.38
     *    711		775		42		0.42
     *    712		774		36		0.37
          713		757		9		0.07
          714		756		3		0.00
          717		753		12		0.11
     *    718		752		17		0.17
     *    719		751		26		0.27
          720		750		19		0.19
     *    721		749		42		0.42
          722		748		35		0.36
          723		747		3		0.00
          724		746		5		0.01
          728		739		6		0.03
     *    729		738		14		0.13
          730		737		6		0.03
     *    762		773		21		0.21
          765		772		0		0.00
          766		771		4		0.00
          809		850		2		0.00
          810		849		0		0.00
     *    811		848		28		0.29
     *    812		847		41		0.41
          813		846		2		0.00
          814		845		4		0.00
          818		844		13		0.12
          819		843		3		0.00
     *    823		839		14		0.13
     *    824		838		14		0.13
          825		837		0		0.00
          826		836		0		0.00
          861		926		3		0.00
     *    862		925		30		0.31
     *    863		924		48		0.47
     *    864		923		25		0.26
     *    865		922		14		0.13
     *    866		921		19		0.19
          869		904		11		0.09
          870		903		17		0.17
          871		902		3		0.00
          872		901		11		0.09
          873		900		10		0.08
     *    874		899		28		0.29
     *    875		898		38		0.39
     *    876		897		30		0.31
     *    877		896		58		0.55
     *    878		895		56		0.53
     *    879		894		55		0.53
     *    880		893		43		0.43
     *    881		892		37		0.38
     *    882		891		12		0.11
          908		915		5		0.01
     *    909		914		25		0.26
          932		1136		1		0.00
          933		1135		1		0.00
          934		1134		0		0.00
          941		989		5		0.01
     *    942		988		13		0.12
          943		987		24		0.25
          944		986		7		0.04
          1145		1777		2		0.00
          1146		1776		0		0.00
          1147		1774		6		0.03
          1148		1773		0		0.00
          1149		1772		0		0.00
          1151		1771		0		0.00
          1152		1770		6		0.03
          1153		1769		2		0.00
          1154		1768		9		0.07
          1155		1767		0		0.00
          1156		1766		2		0.00
          1157		1765		2		0.00
          1160		1761		4		0.00
          1161		1760		2		0.00
     *    1164		1725		5		0.01
     *    1165		1724		12		0.11
          1166		1723		11		0.09
          1167		1722		2		0.00
     *    1168		1721		6		0.03
          1169		1609		1		0.00
     *    1170		1608		9		0.07
          1171		1607		4		0.00
     *    1173		1606		10		0.08
     *    1174		1605		13		0.12
     *    1175		1604		15		0.14
          1176		1603		1		0.00
          1177		1602		0		0.00
          1178		1601		0		0.00
          1179		1600		0		0.00
          1180		1598		0		0.00
          1181		1597		8		0.05
          1186		1201		3		0.00
          1187		1200		6		0.03
          1188		1199		2		0.00
          1189		1198		0		0.00
          1211		1592		0		0.00
          1212		1591		1		0.00
     *    1213		1590		34		0.35
          1214		1589		6		0.03
     *    1215		1588		20		0.20
     *    1216		1587		43		0.43
     *    1217		1586		21		0.21
          1221		1271		0		0.00
     *    1222		1270		27		0.28
     *    1223		1269		21		0.21
     *    1224		1268		27		0.28
          1227		1266		28		0.29
     *    1228		1265		27		0.28
     *    1235		1256		31		0.32
     *    1236		1255		18		0.18
     *    1237		1254		40		0.41
          1238		1253		3		0.00
          1239		1251		9		0.07
          1240		1250		21		0.21
     *    1241		1249		35		0.36
          1275		1581		1		0.00
          1276		1580		0		0.00
          1278		1579		5		0.01
          1279		1578		6		0.03
          1280		1577		2		0.00
          1281		1576		3		0.00
          1284		1575		0		0.00
          1285		1574		6		0.03
          1286		1569		0		0.00
          1287		1568		0		0.00
          1288		1567		0		0.00
          1289		1565		10		0.08
          1290		1564		7		0.04
          1291		1563		0		0.00
          1292		1562		3		0.00
          1418		1457		3		0.00
          1419		1456		11		0.09
          1420		1455		5		0.01
          1421		1454		4		0.00
          1422		1453		0		0.00
          1423		1452		0		0.00
     *    1424		1433		13		0.12
          1425		1432		11		0.09
     *    1426		1431		18		0.18
          1436		1449		2		0.00
          1437		1448		0		0.00
     *    1438		1447		18		0.18
          1439		1446		6		0.03
          1463		1557		0		0.00
          1464		1556		1		0.00
     *    1465		1555		36		0.37
          1466		1554		23		0.24
     *    1470		1524		22		0.23
     *    1471		1523		32		0.33
     *    1472		1522		43		0.43
     *    1474		1521		45		0.45
     *    1475		1520		26		0.27
          1476		1519		10		0.08
     *    1477		1518		19		0.19
          1481		1513		2		0.00
          1482		1512		31		0.32
     *    1485		1510		25		0.26
     *    1487		1507		43		0.43
     *    1488		1506		75		0.65
     *    1489		1503		78		0.67
     *    1490		1502		65		0.59
     *    1491		1501		60		0.56
     *    1492		1500		21		0.21
          1527		1548		1		0.00
          1528		1547		16		0.16
          1529		1546		0		0.00
          1530		1545		0		0.00
          1531		1544		13		0.12
     *    1532		1543		34		0.35
     *    1533		1542		55		0.53
     *    1534		1541		42		0.42
          1613		1676		1		0.00
          1614		1675		15		0.14
     *    1615		1674		39		0.40
     *    1616		1673		28		0.29
     *    1617		1672		46		0.46
     *    1618		1671		25		0.26
     *    1619		1670		16		0.16
          1625		1662		9		0.07
          1626		1661		19		0.19
          1627		1660		1		0.00
     *    1632		1655		38		0.39
          1633		1654		0		0.00
          1637		1651		15		0.14
     *    1638		1648		44		0.44
          1639		1647		14		0.13
          1640		1646		11		0.09
     *    1683		1715		17		0.17
          1688		1711		9		0.07
     *    1689		1710		26		0.27
          1690		1709		0		0.00
     *    1691		1708		34		0.35
          1692		1707		0		0.00
          1693		1706		3		0.00
     *    1694		1705		14		0.13
          1695		1704		16		0.16
          1731		1753		7		0.04
          1732		1752		10		0.08
          1733		1751		3		0.00
          1734		1750		1		0.00
          1735		1749		11		0.09
     *    1736		1748		30		0.31
     *    1737		1747		40		0.41
     *    1738		1746		44		0.44
          1780		1909		0		0.00
          1782		1900		0		0.00
          1783		1899		1		0.00
          1785		1896		6		0.03
          1786		1895		0		0.00
          1788		1893		2		0.00
     *    1791		1890		13		0.12
     *    1792		1889		22		0.23
     *    1793		1888		16		0.16
          1794		1887		0		0.00
          1795		1886		1		0.00
          1796		1885		21		0.21
          1797		1884		8		0.05
          1798		1883		7		0.04
          1801		1876		15		0.14
          1802		1875		24		0.25
     *    1803		1874		34		0.35
     *    1804		1873		50		0.49
          1805		1872		22		0.23
     *    1806		1871		41		0.41
     *    1807		1870		29		0.30
     *    1808		1869		42		0.42
          1809		1868		26		0.27
          1810		1867		30		0.31
     *    1811		1866		26		0.27
     *    1812		1865		16		0.16
          1813		1864		24		0.25
          1814		1863		1		0.00
          1815		1862		7		0.04
          1816		1860		4		0.00
          1817		1859		15		0.14
     *    1818		1858		39		0.40
     *    1819		1857		52		0.50
     *    1820		1856		77		0.66
     *    1821		1855		65		0.59
     *    1822		1854		57		0.54
     *    1823		1853		44		0.44
          1824		1852		19		0.19
          1825		1851		29		0.30
          1913		1947		7		0.04
     *    1914		1945		12		0.11
     *    1915		1944		12		0.11
          1916		1943		3		0.00
          1917		1942		6		0.03
          1918		1941		3		0.00
          1919		1940		7		0.04
          1920		1939		2		0.00
          1921		1938		10		0.08
          1922		1937		13		0.12
#
# BPAIRS 457
# avg substitutions per BP  18.1
# BPAIRS expected to covary 77.3 +/- 7.0
# BPAIRS observed to covary 199
#
