# R-scape :: RNA Structural Covariation Above Phylogenetic Expectation
# R-scape 1.5.16 elenarivas@fas.harvard.edu (August 2020)
# Copyright (C) 2016-2019 Howard Hughes Medical Institute.
# Freely distributed under the GNU General Public License (GPLv3).
#-------------------------------------------------------------------------------------------------------
# MSA RF01960_SSU_rRNA_eukarya nseq 91 (91) alen 1978 (3277) avgid 61.93 (60.94) nbpairs 447 (447)
# Two-set statistical test (one test for annotated basepairs, another for all other pairs)
#
#
# Method Target_E-val [cov_min,cov_max] [FP | TP True Found | Sen PPV F] 
# GTp    0.05         [-9.82,183.56]     [5 | 210 447 215 | 46.98 97.67 63.44] 
#
#       left_pos       right_pos        score          E-value       substitutions      power
#-------------------------------------------------------------------------------------------------------
*	    3068	    3223	183.55673	3.63481e-19	29		0.30
*	    1695	    1736	176.00087	2.95123e-18	77		0.66
*	    2590	    2662	156.71418	6.95164e-16	71		0.63
*	    2939	    2974	154.17442	1.41992e-15	50		0.49
*	    1686	    1748	153.35106	1.83243e-15	62		0.57
*	     658	     706	152.52385	2.24716e-15	39		0.40
*	    1692	    1739	147.80725	8.46208e-15	58		0.55
*	    2021	    2026	147.22666	9.86071e-15	39		0.40
*	    2739	    2922	146.09151	1.40898e-14	60		0.56
*	    2589	    2663	145.39631	1.7277e-14	61		0.57
*	    1892	    1981	142.52115	3.71138e-14	89		0.72
*	    2835	    2851	142.17947	4.10966e-14	81		0.68
*	    1699	    1734	141.06703	5.57968e-14	61		0.57
*	     576	     626	140.53743	6.5014e-14	34		0.35
*	    2591	    2661	140.36092	6.84131e-14	64		0.59
*	    2198	    2250	139.73938	8.3881e-14	69		0.62
*	     839	     855	139.22426	9.77357e-14	48		0.47
*	    2836	    2849	137.68368	1.46919e-13	71		0.63
*	    1694	    1737	137.72192	1.46919e-13	62		0.57
*	     841	     852	137.47123	1.54598e-13	52		0.50
*	    2128	    2988	136.59074	1.99449e-13	33		0.34
*	    1890	    1984	131.15051	9.19201e-13	45		0.45
*	    2336	    2674	129.48852	1.45351e-12	33		0.34
*	     179	     634	128.72184	1.87484e-12	63		0.58
*	    2942	    2971	127.64547	2.54451e-12	50		0.49
*	     840	     854	126.36573	3.63357e-12	37		0.38
*	    2943	    2969	124.15717	6.69166e-12	64		0.59
*	    2740	    2921	123.63179	7.79515e-12	69		0.62
*	    2197	    2251	122.19271	1.17106e-11	48		0.47
*	    1682	    1774	119.67482	2.38684e-11	48		0.47
*	    1817	    1857	117.73227	3.96876e-11	47		0.46
*	     905	     947	117.60769	4.17575e-11	61		0.57
*	    2742	    2919	117.31597	4.62268e-11	78		0.67
*	     907	     946	116.79421	5.38429e-11	67		0.61
*	     316	     401	113.75399	1.21422e-10	58		0.55
*	     914	     938	112.52877	1.73286e-10	65		0.59
*	     268	     301	112.34176	1.82317e-10	45		0.45
*	    3109	    3187	111.74126	2.23397e-10	64		0.59
*	    3090	    3203	110.00163	3.52864e-10	45		0.45
*	    1893	    1980	109.02206	4.78555e-10	86		0.71
*	    1819	    1854	108.33520	5.57296e-10	22		0.23
*	    1683	    1773	108.09410	6.16858e-10	52		0.50
*	     510	     521	107.33377	7.55746e-10	80		0.68
*	     509	     522	106.17394	1.02481e-09	63		0.58
*	    3095	    3197	105.46189	1.25546e-09	30		0.31
*	     908	     945	104.75411	1.538e-09	61		0.57
*	    2335	    2675	104.66206	1.61805e-09	25		0.26
*	     677	     694	103.75531	2.08527e-09	47		0.46
*	    2750	    2870	103.50468	2.19379e-09	54		0.52
*	    3087	    3207	102.82387	2.68729e-09	51		0.50
*	    1830	    1845	102.42149	2.9742e-09	22		0.23
*	    2741	    2920	102.21179	3.12893e-09	75		0.65
*	     408	     557	101.98723	3.46295e-09	38		0.39
*	     173	     639	101.36916	4.03197e-09	52		0.50
*	    3005	    3016	100.43871	5.19539e-09	57		0.54
*	    1816	    1858	99.63641	6.36332e-09	50		0.49
*	    3003	    3017	99.56056	6.6942e-09	62		0.57
*	     966	    1005	99.63120	6.6942e-09	49		0.48
*	    1889	    1985	99.06146	7.79358e-09	57		0.54
*	    1015	    1067	98.81928	8.19876e-09	36		0.37
*	     587	     616	98.88386	8.19876e-09	57		0.54
*	     411	     554	98.63894	8.62498e-09	40		0.41
*	      69	     140	98.64915	8.62498e-09	15		0.14
*	     317	     400	97.33522	1.22972e-08	59		0.55
*	    1883	    1996	97.15173	1.29363e-08	49		0.48
*	    2342	    2579	96.85131	1.43157e-08	44		0.44
*	    1874	    2041	94.24458	2.90894e-08	26		0.27
*	    2216	    2234	93.91850	3.21891e-08	25		0.26
*	    3110	    3186	93.18719	3.94134e-08	69		0.62
*	    2306	    2316	92.00785	5.61682e-08	23		0.24
*	    3006	    3015	91.78517	5.90833e-08	39		0.40
*	    3122	    3172	90.91301	7.60883e-08	70		0.62
*	    2338	    2672	90.70480	8.0036e-08	73		0.64
*	    1687	    1747	90.51978	8.41883e-08	37		0.38
*	    3082	    3212	90.39095	8.85557e-08	36		0.37
*	     181	     632	89.70130	1.03064e-07	63		0.58
*	     668	     702	88.97169	1.26166e-07	24		0.25
*	     315	     402	88.22010	1.62446e-07	65		0.59
*	    3100	    3194	87.86973	1.79725e-07	75		0.65
*	     669	     701	86.91056	2.31384e-07	52		0.50
*	    1017	    1064	86.51300	2.55985e-07	26		0.27
*	     829	     864	86.46661	2.55985e-07	18		0.18
*	    3133	    3161	86.28171	2.69249e-07	64		0.59
*	    1878	    2034	86.31385	2.69249e-07	35		0.36
*	    2179	    2714	86.04670	2.9787e-07	23		0.24
*	    2337	    2673	85.45967	3.46599e-07	61		0.57
*	    1875	    2040	84.96130	4.03289e-07	32		0.33
*	    2199	    2249	84.64848	4.24173e-07	57		0.54
*	     180	     633	84.11366	4.93532e-07	34		0.35
*	    2738	    2923	83.53943	5.74215e-07	55		0.53
*	    2837	    2848	83.52443	6.03937e-07	48		0.47
*	    1697	    1735	83.33664	6.35195e-07	78		0.67
*	     915	     936	83.08868	6.68069e-07	59		0.55
*	     586	     617	82.78638	7.39001e-07	52		0.50
*	    3132	    3162	81.98978	9.04221e-07	63		0.58
*	    2340	    2581	81.91654	9.04221e-07	32		0.33
*	    2195	    2253	80.66075	1.28696e-06	31		0.32
*	    2593	    2660	80.15390	1.49706e-06	51		0.50
*	    2343	    2578	80.27368	1.49706e-06	44		0.44
*	    2941	    2972	79.89630	1.65582e-06	48		0.47
*	    3131	    3163	79.27745	1.92602e-06	60		0.56
*	    2840	    2847	79.35638	1.92602e-06	53		0.51
*	    1705	    1724	78.93083	2.13019e-06	29		0.30
*	     104	     134	78.31674	2.47765e-06	62		0.57
*	    3084	    3211	78.16397	2.60561e-06	40		0.41
*	     511	     520	78.20952	2.60561e-06	65		0.59
*	    2996	    3024	77.60845	3.03047e-06	24		0.25
*	     650	     715	76.85212	3.7064e-06	26		0.27
*	    2290	    2298	76.75538	3.89769e-06	26		0.27
*	    3118	    3182	76.57957	4.09884e-06	79		0.67
*	     585	     618	76.61478	4.09884e-06	41		0.41
*	     670	     700	76.27168	4.53277e-06	23		0.24
*	    2112	    3044	75.77969	5.01253e-06	12		0.11
*	     900	     955	75.92491	5.01253e-06	35		0.36
*	     916	     935	75.40390	5.54298e-06	61		0.57
*	     277	     292	75.10361	6.12944e-06	36		0.37
 	     142	     843	104.76736	6.72593e-06	23		0.24
*	    1669	    1783	74.38744	7.49466e-06	42		0.42
*	     182	     631	74.37002	7.49466e-06	68		0.61
*	    2830	    2862	74.24180	7.88096e-06	33		0.34
*	     979	     997	74.18656	7.88096e-06	39		0.40
*	    3121	    3173	74.06542	8.28714e-06	71		0.63
*	    1691	    1740	73.95303	8.28714e-06	28		0.29
*	     671	     699	73.71078	9.16323e-06	24		0.25
*	     279	     290	73.57952	9.63534e-06	35		0.36
*	    3091	    3202	73.25439	1.01317e-05	35		0.36
*	    1681	    1775	72.97236	1.12024e-05	49		0.48
*	    3081	    3213	72.43694	1.30236e-05	41		0.41
*	    1753	    1767	72.23643	1.36941e-05	41		0.41
*	    2346	    2576	72.07193	1.43991e-05	24		0.25
*	    2305	    2317	71.49679	1.67387e-05	13		0.12
*	     674	     697	70.77160	2.04583e-05	36		0.37
*	     282	     288	69.20041	3.21218e-05	18		0.18
*	    3098	    3196	68.69899	3.55067e-05	55		0.53
*	    3092	    3201	68.12417	4.33806e-05	27		0.28
*	     167	     643	67.90518	4.56074e-05	39		0.40
*	     410	     555	67.90722	4.56074e-05	46		0.46
*	    3112	    3184	67.13277	5.57136e-05	71		0.63
*	     901	     954	67.13871	5.57136e-05	48		0.47
*	     903	     951	66.93815	5.85714e-05	35		0.36
*	     172	     641	65.68885	8.31119e-05	34		0.35
*	     579	     623	65.44084	9.1845e-05	71		0.63
*	     409	     556	64.76717	0.000106689	42		0.42
*	    2353	    2570	64.70868	0.00011215	31		0.32
*	     673	     698	64.05691	0.000130262	24		0.25
*	    3072	    3219	63.89235	0.000136925	19		0.19
*	    1124	    1798	63.90266	0.000136925	39		0.40
*	    3101	    3193	63.78167	0.000143928	69		0.62
*	     913	     939	63.78531	0.000143928	78		0.67
*	     676	     695	62.91034	0.000175693	51		0.50
*	    2998	    3023	62.29834	0.000214436	47		0.46
*	    2073	    2078	61.68328	0.000248979	22		0.23
*	    2273	    2683	61.22772	0.000289059	16		0.16
*	    2070	    2081	61.21170	0.000289059	25		0.26
*	    1882	    1997	60.97503	0.000303799	40		0.41
*	     163	     647	61.01370	0.000303799	19		0.19
~	    1383	    1493	90.99979	0.000316334	42		0.42
*	    3104	    3191	60.75370	0.000319287	47		0.46
*	    3000	    3020	60.60939	0.000335561	40		0.41
*	     904	     948	60.58299	0.000335561	50		0.49
*	    1704	    1725	60.43734	0.00035266	17		0.17
*	    2944	    2968	60.35710	0.000370627	58		0.55
*	    1894	    1979	59.95931	0.000409339	77		0.66
*	    2135	    2729	58.46842	0.000608787	22		0.23
*	    1094	    2053	58.43993	0.000608787	34		0.35
*	    2594	    2659	57.46387	0.000819449	53		0.51
*	     322	     392	57.22513	0.000861015	68		0.61
*	     321	     393	56.96446	0.000904676	58		0.55
*	     659	     705	56.58136	0.000998711	19		0.19
*	     779	     794	56.48270	0.00104931	19		0.19
*	     314	     403	56.17281	0.00115827	68		0.61
*	    2137	    2728	55.14707	0.00148239	16		0.16
*	     426	     541	55.18549	0.00148239	48		0.47
~	    3275	    3276	84.84531	0.00176365	47		0.46
*	    3085	    3209	53.89638	0.0020925	49		0.48
*	    2180	    2713	53.86796	0.0020925	20		0.20
*	    2345	    2577	53.51570	0.00230869	44		0.44
*	     777	     796	53.25465	0.00254703	15		0.14
*	     318	     398	53.10209	0.00267519	74		0.65
*	     162	     648	52.92178	0.00280974	16		0.16
*	    3070	    3221	51.89579	0.00358994	18		0.18
*	    1891	    1982	51.93804	0.00358994	31		0.32
*	     909	     943	51.99131	0.00358994	67		0.61
*	    3102	    3192	51.06716	0.00458417	51		0.50
*	    1881	    1998	51.01972	0.00458417	47		0.46
*	     412	     553	50.91146	0.00481353	56		0.53
*	     105	     133	50.92784	0.00481353	57		0.54
*	    2354	    2569	50.54084	0.00530683	26		0.27
*	    1825	    1851	50.46692	0.00530683	15		0.14
*	    3088	    3206	50.08732	0.00585007	65		0.59
*	    2020	    2027	50.16353	0.00585007	22		0.23
*	      45	     867	50.08700	0.00585007	15		0.14
*	     164	     646	50.14179	0.00585007	14		0.13
*	    3099	    3195	50.01294	0.00614195	80		0.68
~	     178	     636	79.80253	0.00724118	50		0.49
*	    3086	    3208	49.25643	0.00746037	66		0.60
*	     577	     625	48.96723	0.00822068	27		0.28
*	    2938	    2976	48.17353	0.00997774	26		0.27
*	    2347	    2575	47.49342	0.0121035	23		0.24
*	    1815	    1860	46.31218	0.0161513	20		0.20
*	    1668	    1784	45.83926	0.0186465	50		0.49
*	      25	    1080	45.57216	0.0195592	31		0.32
*	     776	     797	45.33706	0.0215175	17		0.17
*	    3111	    3185	44.82780	0.0236668	69		0.62
*	    1016	    1065	44.93811	0.0236668	22		0.23
*	    2940	    2973	44.76591	0.0248185	13		0.12
*	    2178	    2715	44.59531	0.0260247	14		0.13
*	    3119	    3178	44.08778	0.0299955	84		0.70
*	     967	    1004	43.96826	0.0299955	70		0.62
~	    1382	    1494	74.57172	0.0311687	39		0.40
*	    3123	    3171	43.57182	0.0329628	67		0.61
*	    1031	    1059	43.70582	0.0329628	6		0.03
*	    3067	    3224	42.49089	0.0436659	7		0.04
*	    2196	    2252	42.43589	0.0457475	25		0.26
*	     801	     808	42.32752	0.0457475	17		0.17

# The given structure
# SS_cons :::<<<<<_______>>--->>>:{{{--{{{{{{{,{{{{{{{{{-----{{-{-{{{,
#
# SS_cons ,<<---<<<----------------------------------<<_______________
#
# SS_cons ____________>>----->>>>>,,,,,,[[[,,,,,,,((((--((---((-----((
#
# SS_cons ((,,,,,,,,,,,,,,,,,,,,,,,,,,,,,,,,,,,,,,,,,,,,,,,,,,,,,,,,,,
#
# SS_cons ,,,,,,,,,,,,,,,,,,,,,,,,,<<<<-----<<<<<-<<_____>>>>>>>----->
#
# SS_cons >>>,,,,,,,,,,<<<<<--<<______________________________________
#
# SS_cons _______________________________>>---->->>>>,,,,<<<<<<-------
#
# SS_cons ---<<<<-----------------------------------------------------
#
# SS_cons ----------------------------<<<________>>>----------------->
#
# SS_cons >>>-------->>>>>>,,,,,,,,,,,,,,,,,,<<<<----<<<<_____________
#
# SS_cons _______________>>>>--->>>>,,,,))))----)-)))--))))<<<--<--<<<
#
# SS_cons -------<<<<-<<-<<________________>>->>>>>>->>>----->>>>,,,<<
#
# SS_cons <<<<<<______________________________>>>>---->->>>]]--],<<<<<
#
# SS_cons <__________>>>>>>,<<<<____>>>>,,,}}}}}}-},,,,,<-<<<------<<<
#
# SS_cons <<________>>->>>----->>>>,}}-}}}}}},,,,,,,,,,,,,,,,,,,,,,,,<
#
# SS_cons <-<<<-<<<-<-<<<<__________________>>->>-->>->>>>-->-->>,,,,,
#
# SS_cons ,,,,,<<<----------<<<_____________>>>-->--->>,,,,,,,,,<<<<<<
#
# SS_cons --------<-<<<-----<<____>>-------->>-->>>>>>>->,}-}}-}}}}}}}
#
# SS_cons ::::::::::::[[[--------[,,,,,,,,,((((----(((----------------
#
# SS_cons ------------------------------------------------------------
#
# SS_cons ------------------------------------------------------------
#
# SS_cons ------------------------------------------------------------
#
# SS_cons ------------------------------------------------------------
#
# SS_cons ------------------------------------------------------------
#
# SS_cons ------------------------------------------------------------
#
# SS_cons ------------------------------------------------------------
#
# SS_cons ------------------------------------------------------------
#
# SS_cons -----------------------------------------((((--((--(((----((
#
# SS_cons (((((<<--<<<-<<-<-<<---<<----<____________>>>------->>>>>->>
#
# SS_cons >----->>,,,,<----<<_____>>>,,,)))))))--)))))----))))-----)))
#
# SS_cons -----)))),,,,<<<<<<----<<---<<<<__________>>>>---->>->>->>->
#
# SS_cons >,,,,,,,,,,,((((-((,<<<----<<<<<<<-<--<<<___________________
#
# SS_cons ______________________________________________________>>>>>>
#
# SS_cons >>->>>--------->>>,,,,,,,,,,,,,,,,,,,,,<<____>>,,,,,)))----)
#
# SS_cons )),,,,,,,,]]]]:<<<----------<<-<<____>>->>------>->>::::::::
#
# SS_cons ::{{{{{--{{{{{{{----{{,,,{{{-{{{{{{-{{{{-{{{{,,,,,<<<<______
#
# SS_cons __>>>>,,,,,,,,,,{{{{{{{,,,,,,,,,,,<<<<<---------<<-<<-<<____
#
# SS_cons _____________>>>>->>-------->>>>>,,,,[[-[[[[--[[[[[[[[-[,,,(
#
# SS_cons (-(((-(<<<_______>>>,,<<<<_________>>>>,,,))))-)),,,,,((((,<
#
# SS_cons -<<-<<<<----<<<<____________________________________________
#
# SS_cons ____________________________________________________________
#
# SS_cons ____________________________________________________________
#
# SS_cons ______________________________________________>>>>--->>>>>>-
#
# SS_cons >,,,<-<<<<<-<<______________________________________________
#
# SS_cons __________________>>>>>>>>,,,,,)))),,,,]-]]]-]]]-----]-]]]]]
#
# SS_cons ]],,,,,,}}-}}}}},,,}}-}}}}}}}}-}},,,<<<<<<<-----<<<---------
#
# SS_cons ------------------------------------------------------------
#
# SS_cons ---------<<---<<<--<______>>>->--------->>------>>>---------
#
# SS_cons ------------------------------------->>>>>>>,,,,,,,,,<---<<<
#
# SS_cons <<<<<_____________________>>>->>>>->--->,,,,,}}}}},,,,,<-<<<
#
# SS_cons <-<-<<________>>>->>->>>,,,,,,,,,}}----}}}}}}}}}}-}}::<-<<-<
#
# SS_cons <--<-<<<<<<<<--<---<<<-<<<<<<<<<--<--<<<<<-<<-<<<<<<-----<<-
#
# SS_cons <<<<<----<<<<___________________________>>>>-->-->>>>---->--
#
# SS_cons ->->>>>>>>>>>>>>>--->>>->>>>>->>>>>-->>>>>>>>-->->>-->>-->::
#
# SS_cons <<<-<<<<<<<_______>>>>>>>>>>:::::::::
#

# Power analysis of given structure 
#
# covary  left_pos      right_pos    substitutions      power
#----------------------------------------------------------------
          4		23		6		0.03
          5		22		9		0.07
          6		21		6		0.03
          7		17		7		0.04
          8		16		4		0.00
     *    25		1080		31		0.32
          26		1079		40		0.41
          27		1078		23		0.24
          30		1077		18		0.18
          31		1076		9		0.07
          32		1075		9		0.07
          33		1074		37		0.38
          34		1072		27		0.28
          35		1071		3		0.00
          36		1069		5		0.01
          38		875		32		0.33
          39		874		21		0.21
          40		873		41		0.41
          41		872		6		0.03
          42		871		36		0.37
          43		870		26		0.27
          44		868		13		0.12
     *    45		867		15		0.14
          46		821		2		0.00
          52		819		4		0.00
          53		818		1		0.00
          55		817		3		0.00
          57		816		0		0.00
          58		815		5		0.01
          59		814		4		0.00
          62		144		13		0.12
          63		143		7		0.04
          67		142		17		0.17
          68		141		3		0.00
     *    69		140		15		0.14
     *    104		134		62		0.57
     *    105		133		57		0.54
          151		774		1		0.00
          152		771		1		0.00
          153		770		2		0.00
          161		649		56		0.53
     *    162		648		16		0.16
     *    163		647		19		0.19
     *    164		646		14		0.13
     *    167		643		39		0.40
          168		642		43		0.43
     *    172		641		34		0.35
     *    173		639		52		0.50
     *    179		634		63		0.58
     *    180		633		34		0.35
     *    181		632		63		0.58
     *    182		631		68		0.61
          266		303		50		0.49
          267		302		40		0.41
     *    268		301		45		0.45
          269		300		5		0.01
          275		294		33		0.34
          276		293		12		0.11
     *    277		292		36		0.37
          278		291		35		0.36
     *    279		290		35		0.36
          281		289		25		0.26
     *    282		288		18		0.18
     *    314		403		68		0.61
     *    315		402		65		0.59
     *    316		401		58		0.55
     *    317		400		59		0.55
     *    318		398		74		0.65
     *    321		393		58		0.55
     *    322		392		68		0.61
     *    408		557		38		0.39
     *    409		556		42		0.42
     *    410		555		46		0.46
     *    411		554		40		0.41
     *    412		553		56		0.53
          413		552		60		0.56
          424		543		51		0.50
          425		542		67		0.61
     *    426		541		48		0.47
          427		540		64		0.59
     *    509		522		63		0.58
     *    510		521		80		0.68
     *    511		520		65		0.59
     *    576		626		34		0.35
     *    577		625		27		0.28
          578		624		39		0.40
     *    579		623		71		0.63
          584		619		42		0.42
     *    585		618		41		0.41
     *    586		617		52		0.50
     *    587		616		57		0.54
     *    650		715		26		0.27
          651		714		17		0.17
          652		713		18		0.18
          655		712		8		0.05
     *    658		706		39		0.40
     *    659		705		19		0.19
          660		704		15		0.14
     *    668		702		24		0.25
     *    669		701		52		0.50
     *    670		700		23		0.24
     *    671		699		24		0.25
     *    673		698		24		0.25
     *    674		697		36		0.37
     *    676		695		51		0.50
     *    677		694		47		0.46
          719		769		3		0.00
          720		768		8		0.05
          721		767		13		0.12
          722		765		25		0.26
          723		760		28		0.29
          724		759		19		0.19
          725		758		7		0.04
          726		757		2		0.00
     *    776		797		17		0.17
     *    777		796		15		0.14
          778		795		19		0.19
     *    779		794		19		0.19
          780		793		5		0.01
          781		792		3		0.00
          799		810		14		0.13
          800		809		45		0.45
     *    801		808		17		0.17
          802		807		2		0.00
          827		865		10		0.08
     *    829		864		18		0.18
          830		863		8		0.05
          831		862		11		0.09
          838		856		1		0.00
     *    839		855		48		0.47
     *    840		854		37		0.38
     *    841		852		52		0.50
          842		851		53		0.51
     *    900		955		35		0.36
     *    901		954		48		0.47
     *    903		951		35		0.36
     *    904		948		50		0.49
     *    905		947		61		0.57
     *    907		946		67		0.61
     *    908		945		61		0.57
     *    909		943		67		0.61
          911		942		56		0.53
     *    913		939		78		0.67
     *    914		938		65		0.59
     *    915		936		59		0.55
     *    916		935		61		0.57
     *    966		1005		49		0.48
     *    967		1004		70		0.62
          968		1000		60		0.56
     *    979		997		39		0.40
          980		996		62		0.57
          981		995		68		0.61
     *    1015		1067		36		0.37
     *    1016		1065		22		0.23
     *    1017		1064		26		0.27
          1018		1063		9		0.07
          1019		1062		4		0.00
          1020		1061		4		0.00
          1029		1060		8		0.05
     *    1031		1059		6		0.03
          1032		1056		5		0.01
          1033		1055		3		0.00
          1039		1046		3		0.00
          1040		1045		4		0.00
          1093		2054		27		0.28
     *    1094		2053		34		0.35
          1095		2052		8		0.05
          1104		2051		10		0.08
          1114		1809		7		0.04
          1115		1808		28		0.29
          1116		1807		22		0.23
          1117		1806		4		0.00
          1122		1800		7		0.04
          1123		1799		7		0.04
     *    1124		1798		39		0.40
          1662		1792		32		0.33
          1663		1791		43		0.43
          1664		1790		35		0.36
          1665		1789		54		0.52
     *    1668		1784		50		0.49
     *    1669		1783		42		0.42
          1672		1782		44		0.44
          1673		1781		60		0.56
          1674		1780		38		0.39
          1679		1777		27		0.28
          1680		1776		10		0.08
     *    1681		1775		49		0.48
     *    1682		1774		48		0.47
     *    1683		1773		52		0.50
          1684		1772		41		0.41
          1685		1771		40		0.41
     *    1686		1748		62		0.57
     *    1687		1747		37		0.38
          1690		1741		43		0.43
     *    1691		1740		28		0.29
     *    1692		1739		58		0.55
     *    1694		1737		62		0.57
     *    1695		1736		77		0.66
     *    1697		1735		78		0.67
     *    1699		1734		61		0.57
          1700		1733		15		0.14
     *    1704		1725		17		0.17
     *    1705		1724		29		0.30
          1710		1723		11		0.09
     *    1753		1767		41		0.41
          1758		1766		7		0.04
          1759		1765		8		0.05
          1814		1861		4		0.00
     *    1815		1860		20		0.20
     *    1816		1858		50		0.49
     *    1817		1857		47		0.46
          1818		1855		33		0.34
     *    1819		1854		22		0.23
          1824		1852		14		0.13
     *    1825		1851		15		0.14
          1829		1846		15		0.14
     *    1830		1845		22		0.23
          1831		1844		26		0.27
          1832		1843		4		0.00
          1873		2042		31		0.32
     *    1874		2041		26		0.27
     *    1875		2040		32		0.33
          1876		2035		62		0.57
     *    1878		2034		35		0.36
          1879		2033		14		0.13
     *    1881		1998		47		0.46
     *    1882		1997		40		0.41
     *    1883		1996		49		0.48
          1888		1986		23		0.24
     *    1889		1985		57		0.54
     *    1890		1984		45		0.45
     *    1891		1982		31		0.32
     *    1892		1981		89		0.72
     *    1893		1980		86		0.71
     *    1894		1979		77		0.66
          1896		1978		76		0.66
          1899		1977		43		0.43
          1900		1976		49		0.48
          1901		1975		49		0.48
     *    2020		2027		22		0.23
     *    2021		2026		39		0.40
          2056		2092		2		0.00
          2057		2091		2		0.00
          2058		2089		12		0.11
          2069		2082		24		0.25
     *    2070		2081		25		0.26
          2072		2079		34		0.35
     *    2073		2078		22		0.23
          2103		3052		1		0.00
          2104		3051		4		0.00
          2105		3049		2		0.00
          2106		3048		5		0.01
          2107		3047		3		0.00
          2110		3046		4		0.00
          2111		3045		8		0.05
     *    2112		3044		12		0.11
          2113		3043		14		0.13
          2114		3042		12		0.11
          2115		3041		8		0.05
          2116		3040		3		0.00
          2121		3035		2		0.00
          2122		3034		7		0.04
          2126		2990		3		0.00
          2127		2989		16		0.16
     *    2128		2988		33		0.34
          2130		2987		3		0.00
          2131		2986		0		0.00
          2132		2733		4		0.00
          2133		2732		3		0.00
          2134		2730		8		0.05
     *    2135		2729		22		0.23
     *    2137		2728		16		0.16
          2138		2727		40		0.41
          2139		2726		6		0.03
          2140		2725		8		0.05
          2142		2724		14		0.13
          2143		2723		4		0.00
          2144		2721		3		0.00
          2145		2720		5		0.01
          2151		2166		9		0.07
          2152		2165		8		0.05
          2153		2164		11		0.09
          2154		2163		3		0.00
          2177		2716		4		0.00
     *    2178		2715		14		0.13
     *    2179		2714		23		0.24
     *    2180		2713		20		0.20
          2181		2712		26		0.27
          2182		2710		37		0.38
          2183		2709		17		0.17
     *    2195		2253		31		0.32
     *    2196		2252		25		0.26
     *    2197		2251		48		0.47
     *    2198		2250		69		0.62
     *    2199		2249		57		0.54
          2209		2240		6		0.03
          2210		2239		5		0.01
          2212		2237		7		0.04
          2213		2236		9		0.07
          2215		2235		12		0.11
     *    2216		2234		25		0.26
          2258		2702		15		0.14
          2259		2701		5		0.01
          2261		2700		9		0.07
          2262		2699		5		0.01
          2263		2698		1		0.00
          2264		2697		2		0.00
          2267		2696		2		0.00
          2268		2694		5		0.01
          2269		2688		6		0.03
          2270		2687		21		0.21
          2271		2686		4		0.00
          2272		2684		8		0.05
     *    2273		2683		16		0.16
          2274		2682		5		0.01
          2276		2680		17		0.17
          2280		2329		8		0.05
          2281		2328		24		0.25
          2283		2326		18		0.18
          2284		2325		19		0.19
          2285		2324		3		0.00
          2287		2323		2		0.00
          2288		2300		10		0.08
          2289		2299		34		0.35
     *    2290		2298		26		0.27
          2303		2319		30		0.31
          2304		2318		12		0.11
     *    2305		2317		13		0.12
     *    2306		2316		23		0.24
     *    2335		2675		25		0.26
     *    2336		2674		33		0.34
     *    2337		2673		61		0.57
     *    2338		2672		73		0.64
     *    2340		2581		32		0.33
     *    2342		2579		44		0.44
     *    2343		2578		44		0.44
     *    2345		2577		44		0.44
     *    2346		2576		24		0.25
     *    2347		2575		23		0.24
          2348		2574		24		0.25
     *    2353		2570		31		0.32
     *    2354		2569		26		0.27
          2355		2568		77		0.66
          2356		2567		80		0.68
          2585		2666		27		0.28
          2587		2665		63		0.58
          2588		2664		72		0.64
     *    2589		2663		61		0.57
     *    2590		2662		71		0.63
     *    2591		2661		64		0.59
     *    2593		2660		51		0.50
     *    2594		2659		53		0.51
          2737		2924		17		0.17
     *    2738		2923		55		0.53
     *    2739		2922		60		0.56
     *    2740		2921		69		0.62
     *    2741		2920		75		0.65
     *    2742		2919		78		0.67
          2743		2918		75		0.65
          2749		2871		59		0.55
     *    2750		2870		54		0.52
          2751		2869		2		0.00
     *    2830		2862		33		0.34
          2831		2861		17		0.17
     *    2835		2851		81		0.68
     *    2836		2849		71		0.63
     *    2837		2848		48		0.47
     *    2840		2847		53		0.51
          2934		2980		10		0.08
     *    2938		2976		26		0.27
     *    2939		2974		50		0.49
     *    2940		2973		13		0.12
     *    2941		2972		48		0.47
     *    2942		2971		50		0.49
     *    2943		2969		64		0.59
     *    2944		2968		58		0.55
          2945		2967		21		0.21
     *    2996		3024		24		0.25
     *    2998		3023		47		0.46
          2999		3022		37		0.38
     *    3000		3020		40		0.41
          3001		3019		46		0.46
     *    3003		3017		62		0.57
     *    3005		3016		57		0.54
     *    3006		3015		39		0.40
          3055		3238		3		0.00
          3057		3235		2		0.00
          3058		3234		2		0.00
          3060		3231		5		0.01
          3061		3230		3		0.00
          3064		3228		2		0.00
          3066		3225		19		0.19
     *    3067		3224		7		0.04
     *    3068		3223		29		0.30
          3069		3222		9		0.07
     *    3070		3221		18		0.18
          3071		3220		17		0.17
     *    3072		3219		19		0.19
          3073		3218		16		0.16
          3076		3215		17		0.17
          3080		3214		12		0.11
     *    3081		3213		41		0.41
     *    3082		3212		36		0.37
     *    3084		3211		40		0.41
     *    3085		3209		49		0.48
     *    3086		3208		66		0.60
     *    3087		3207		51		0.50
     *    3088		3206		65		0.59
          3089		3205		59		0.55
     *    3090		3203		45		0.45
     *    3091		3202		35		0.36
     *    3092		3201		27		0.28
     *    3095		3197		30		0.31
     *    3098		3196		55		0.53
     *    3099		3195		80		0.68
     *    3100		3194		75		0.65
     *    3101		3193		69		0.62
     *    3102		3192		51		0.50
     *    3104		3191		47		0.46
          3105		3190		22		0.23
          3107		3189		5		0.01
          3108		3188		33		0.34
     *    3109		3187		64		0.59
     *    3110		3186		69		0.62
     *    3111		3185		69		0.62
     *    3112		3184		71		0.63
     *    3118		3182		79		0.67
     *    3119		3178		84		0.70
     *    3121		3173		71		0.63
     *    3122		3172		70		0.62
     *    3123		3171		67		0.61
          3124		3170		72		0.64
          3125		3167		66		0.60
          3130		3164		64		0.59
     *    3131		3163		60		0.56
     *    3132		3162		63		0.58
     *    3133		3161		64		0.59
          3241		3268		5		0.01
          3242		3267		32		0.33
          3243		3266		14		0.13
          3245		3265		17		0.17
          3246		3264		38		0.39
          3247		3263		6		0.03
          3248		3262		4		0.00
          3249		3261		3		0.00
          3250		3260		5		0.01
          3251		3259		2		0.00
#
# BPAIRS 447
# avg substitutions per BP  31.5
# BPAIRS expected to covary 131.5 +/- 8.4
# BPAIRS observed to covary 210
#
