# R-scape :: RNA Structural Covariation Above Phylogenetic Expectation
# R-scape 1.5.16 elenarivas@fas.harvard.edu (August 2020)
# Copyright (C) 2016-2019 Howard Hughes Medical Institute.
# Freely distributed under the GNU General Public License (GPLv3).
#-------------------------------------------------------------------------------------------------------
# MSA RF01268_SCARNA2 nseq 20 (20) alen 422 (531) avgid 77.58 (76.80) nbpairs 88 (88)
# Two-set statistical test (one test for annotated basepairs, another for all other pairs)
#
#
# Method Target_E-val [cov_min,cov_max] [FP | TP True Found | Sen PPV F] 
# GTp    0.05         [-8.59,18.62]     [0 | 0 88 0 | 0.00 0.00 0.00] 
#
#       left_pos       right_pos        score          E-value       substitutions      power
#-------------------------------------------------------------------------------------------------------
no significant pairs

# The given structure
# SS_cons ::::::::::::::::::::::::::::::::::::::::::::::::::::::(((((<
#
# SS_cons <<<<<________>>>>>>,,,,,,,,,,,,,,,,,,,,,,,,,,<---<<<<_______
#
# SS_cons __________>>>>---->,,<<<-------<<<<<-<<____________>>--->>>>
#
# SS_cons >-->>>,,,,,,,,)))))::::::::::::::::::::::::::::<<<--<<<<-<<<
#
# SS_cons -<--<<<-<<___>>->>>>>>>->>>>----->>>::::::::::::::::::::::::
#
# SS_cons :<---<---<---<---<<<<-<<<---<<-<<<-<<<<-<<______>>->>>>->>>-
#
# SS_cons >>>>>---->>>>>>>>:::::::<<<<<<<<_______________>>>->->>>>:::
#
# SS_cons <<<<------<<<<<<---------------------<<<<-----<<______>>----
#
# SS_cons ---------------->>>>----------------->>>>>>--->>>>:
#

# Power analysis of given structure 
#
# covary  left_pos      right_pos    substitutions      power
#----------------------------------------------------------------
          55		199		2		0.00
          56		198		6		0.03
          57		197		5		0.01
          58		196		5		0.01
          59		195		5		0.01
          60		79		7		0.04
          61		78		4		0.00
          62		77		5		0.01
          63		76		2		0.00
          64		75		5		0.01
          65		74		3		0.00
          106		139		2		0.00
          110		134		7		0.04
          111		133		6		0.03
          112		132		6		0.03
          113		131		10		0.08
          142		186		2		0.00
          143		185		5		0.01
          144		184		9		0.07
          152		181		4		0.00
          153		180		8		0.05
          154		179		8		0.05
          155		178		5		0.01
          156		177		5		0.01
          158		173		3		0.00
          159		172		5		0.01
          228		276		1		0.00
          229		275		0		0.00
          230		274		3		0.00
          233		268		0		0.00
          234		267		2		0.00
          235		266		1		0.00
          236		265		0		0.00
          238		263		6		0.03
          239		262		8		0.05
          240		261		3		0.00
          242		260		0		0.00
          245		259		7		0.04
          246		258		2		0.00
          247		257		2		0.00
          249		255		0		0.00
          250		254		1		0.00
          302		377		7		0.04
          306		376		4		0.00
          310		375		8		0.05
          314		374		5		0.01
          318		373		7		0.04
          319		372		3		0.00
          320		371		3		0.00
          321		370		1		0.00
          323		365		4		0.00
          324		364		0		0.00
          325		363		2		0.00
          329		362		6		0.03
          330		361		1		0.00
          332		359		1		0.00
          333		358		3		0.00
          334		357		3		0.00
          336		355		7		0.04
          337		354		1		0.00
          338		353		0		0.00
          339		352		0		0.00
          341		350		4		0.00
          342		349		9		0.07
          385		417		4		0.00
          386		416		4		0.00
          387		415		5		0.01
          388		414		4		0.00
          389		412		2		0.00
          390		410		6		0.03
          391		409		1		0.00
          392		408		2		0.00
          421		530		0		0.00
          422		529		1		0.00
          423		528		1		0.00
          424		527		1		0.00
          431		523		1		0.00
          432		522		1		0.00
          433		521		3		0.00
          434		520		2		0.00
          435		519		1		0.00
          436		518		0		0.00
          458		500		2		0.00
          459		499		5		0.01
          460		498		2		0.00
          461		497		11		0.09
          467		476		3		0.00
          468		475		2		0.00
#
# BPAIRS 88
# avg substitutions per BP  3.6
# BPAIRS expected to covary 1.1 +/- 1.0
# BPAIRS observed to covary 0
#
