# R-scape :: RNA Structural Covariation Above Phylogenetic Expectation
# R-scape 1.5.16 elenarivas@fas.harvard.edu (August 2020)
# Copyright (C) 2016-2019 Howard Hughes Medical Institute.
# Freely distributed under the GNU General Public License (GPLv3).
#-------------------------------------------------------------------------------------------------------
# MSA RF01512_Afu_309 nseq 10 (10) alen 332 (384) avgid 63.51 (62.47) nbpairs 90 (90)
# Two-set statistical test (one test for annotated basepairs, another for all other pairs)
#
#
# Method Target_E-val [cov_min,cov_max] [FP | TP True Found | Sen PPV F] 
# GTp    0.05         [-7.85,11.45]     [0 | 1 90 1 | 1.11 100.00 2.20] 
#
#       left_pos       right_pos        score          E-value       substitutions      power
#-------------------------------------------------------------------------------------------------------
*	     224	     260	8.76415	0.0413739	6		0.03

# The given structure
# SS_cons :::::::::::::::::((((((((<<<<<<-<<<<<<<<<<<<<<<<<--<<<-<<<<_
#
# SS_cons ___>>>>->>>->>>>>>->>->>>>>-->-->>>->>>->>>,,,,,,,<<<<<--<<<
#
# SS_cons -<<<________________________>>>-->>>---------->>>>>)))))))-)
#
# SS_cons :::::::::::<<<---<<<<<<------------<<<<--<<<<<<<<___________
#
# SS_cons _____________>>->>>>>>>>>>------>>>>>->->>>::::<<<<<<<<-----
#
# SS_cons ---<<<<<--<<<----------------------<<<<___>>>>----->>>->>>>>
#
# SS_cons ------>>>>>--->>>:::::::
#

# Power analysis of given structure 
#
# covary  left_pos      right_pos    substitutions      power
#----------------------------------------------------------------
          18		180		3		0.00
          19		178		0		0.00
          20		177		0		0.00
          21		176		2		0.00
          22		175		2		0.00
          23		174		0		0.00
          24		173		0		0.00
          25		172		0		0.00
          26		103		0		0.00
          27		102		4		0.00
          28		101		2		0.00
          29		99		0		0.00
          30		98		1		0.00
          31		97		0		0.00
          33		95		4		0.00
          34		94		8		0.05
          35		93		2		0.00
          36		90		0		0.00
          37		87		0		0.00
          38		86		1		0.00
          39		85		4		0.00
          40		84		5		0.01
          41		83		5		0.01
          42		81		1		0.00
          43		80		7		0.04
          44		78		3		0.00
          45		77		6		0.03
          46		76		2		0.00
          47		75		6		0.03
          48		74		4		0.00
          49		73		9		0.07
          52		71		6		0.03
          53		70		10		0.08
          54		69		5		0.01
          56		67		5		0.01
          57		66		5		0.01
          58		65		2		0.00
          59		64		9		0.07
          111		171		1		0.00
          112		170		2		0.00
          113		169		2		0.00
          114		168		6		0.03
          115		167		3		0.00
          118		156		4		0.00
          119		155		2		0.00
          120		154		1		0.00
          122		151		1		0.00
          123		150		3		0.00
          124		149		0		0.00
          192		283		5		0.01
          193		282		7		0.04
          194		281		4		0.00
          198		279		5		0.01
          199		277		5		0.01
          200		276		4		0.00
          201		275		6		0.03
          202		274		3		0.00
          203		273		0		0.00
          216		266		6		0.03
          217		265		4		0.00
          218		264		2		0.00
          219		263		1		0.00
          222		262		4		0.00
          223		261		6		0.03
     *    224		260		6		0.03
          225		259		3		0.00
          226		258		4		0.00
          227		257		2		0.00
          228		255		2		0.00
          229		254		0		0.00
          288		377		2		0.00
          289		376		4		0.00
          290		375		2		0.00
          291		371		0		0.00
          292		370		5		0.01
          293		369		1		0.00
          294		368		0		0.00
          295		367		2		0.00
          304		360		1		0.00
          305		359		0		0.00
          306		358		2		0.00
          307		357		3		0.00
          308		356		1		0.00
          311		354		5		0.01
          312		353		0		0.00
          313		352		2		0.00
          336		346		3		0.00
          337		345		3		0.00
          338		344		2		0.00
          339		343		4		0.00
#
# BPAIRS 90
# avg substitutions per BP  3.0
# BPAIRS expected to covary 0.7 +/- 0.8
# BPAIRS observed to covary 1
#
