# R-scape :: RNA Structural Covariation Above Phylogenetic Expectation
# R-scape 1.5.16 elenarivas@fas.harvard.edu (August 2020)
# Copyright (C) 2016-2019 Howard Hughes Medical Institute.
# Freely distributed under the GNU General Public License (GPLv3).
#-------------------------------------------------------------------------------------------------------
# MSA RF01071_OLE nseq 20 (20) alen 635 (749) avgid 62.45 (62.12) nbpairs 159 (159)
# Two-set statistical test (one test for annotated basepairs, another for all other pairs)
#
#
# Method Target_E-val [cov_min,cov_max] [FP | TP True Found | Sen PPV F] 
# GTp    0.05         [-9.92,37.21]     [3 | 50 159 53 | 31.45 94.34 47.17] 
#
#       left_pos       right_pos        score          E-value       substitutions      power
#-------------------------------------------------------------------------------------------------------
*	     633	     678	37.20772	2.64422e-09	23		0.24
*	     654	     669	36.82831	3.63682e-09	12		0.11
*	     630	     681	33.31240	6.7901e-08	14		0.13
*	     399	     475	33.01036	8.75349e-08	12		0.11
*	     238	     305	32.78981	1.05897e-07	16		0.16
*	     569	     721	31.86040	2.26692e-07	18		0.18
*	     611	     625	30.72326	5.8616e-07	22		0.23
*	     570	     720	29.32014	1.82842e-06	6		0.03
*	     636	     674	28.97753	2.50663e-06	19		0.19
*	     400	     474	28.73921	3.02863e-06	12		0.11
*	     610	     626	28.44273	3.89695e-06	18		0.18
*	     632	     679	28.31214	4.15034e-06	20		0.20
*	     635	     675	28.33894	4.15034e-06	17		0.17
*	     637	     673	27.69647	6.86712e-06	13		0.12
*	     608	     628	26.50110	1.87557e-05	12		0.11
*	     567	     723	26.42531	1.9969e-05	14		0.13
*	     440	     450	26.43627	1.9969e-05	10		0.08
*	     433	     456	26.01258	2.73131e-05	16		0.16
*	     607	     629	25.58237	3.97525e-05	8		0.05
*	     566	     724	25.50393	4.2316e-05	18		0.18
*	     105	     134	24.33611	0.000107809	12		0.11
*	     237	     306	23.59146	0.00020058	14		0.13
*	     653	     670	23.33748	0.000241531	6		0.03
*	     657	     666	22.84113	0.000372243	14		0.13
*	     384	     488	22.64642	0.0004211	15		0.14
*	     326	     355	21.86938	0.000827815	8		0.05
*	     568	     722	21.69081	0.000935621	14		0.13
*	     547	     560	21.17680	0.0014342	18		0.18
*	     615	     623	21.07850	0.00152417	13		0.12
*	     609	     627	20.68126	0.00206454	11		0.09
*	     602	     695	20.56429	0.00233011	11		0.09
*	     546	     561	20.24495	0.00296606	10		0.08
*	     441	     449	19.77925	0.00425144	12		0.11
*	     180	     225	19.80668	0.00425144	6		0.03
*	     432	     457	19.56034	0.00508489	19		0.19
*	     439	     451	19.37507	0.00572709	19		0.19
*	     236	     307	19.32736	0.00607719	13		0.12
~	      47	     509	27.93064	0.00719275	19		0.19
*	     391	     482	18.79877	0.00918111	7		0.04
*	     402	     473	18.63078	0.0103196	15		0.14
~	      16	     734	27.27805	0.0126669	12		0.11
*	     113	     126	18.14703	0.0146075	14		0.13
*	     436	     454	17.87388	0.0183575	13		0.12
*	     196	     207	17.87101	0.0183575	12		0.11
*	     564	     726	17.79271	0.0194277	12		0.11
*	     386	     485	17.73867	0.0205561	16		0.16
*	     565	     725	17.52866	0.022998	13		0.12
*	     322	     359	17.41024	0.0257054	9		0.07
*	     247	     296	17.42212	0.0257054	19		0.19
*	     658	     665	17.07720	0.0320058	13		0.12
*	     325	     356	17.11853	0.0320058	14		0.13
~	      46	     510	25.93583	0.036783	17		0.17
*	     437	     453	16.58763	0.0462925	16		0.16

# The given structure
# SS_cons :::::::::::::::::::::::::::::::::::::::::::::::::::::::<<<<<
#
# SS_cons <________>>>>>>::::::::::::::::::::<<<<<-<<<<<<<<<<<<<<<____
#
# SS_cons __>>>>>>>>>>>>>>>->>>>>:::::::::::::::::::::::::::::::::::<<
#
# SS_cons <<<--<<<<----<<<<<______>>>>>------->>>>->>>>>:::::::<<<<<-<
#
# SS_cons <<<<<<<<<<<________________________________________>>>>>>>>>
#
# SS_cons >>>->>>>>::::::::<<<<<-<<<<<<<<__________________>>>>>>>>->>
#
# SS_cons >>>::::::::<<<<<---<<<<<<<-<-<<-------<<-<<<----------------
#
# SS_cons -----<<<<<<<<<-<<<<<<_______>>>>>>>>>>>>>>>------->>>>>-----
#
# SS_cons ->>>>->>>>>>---->>>>>:::::::::::::::::::::::<<<_____>>>:::::
#
# SS_cons ::::<<<<__________>>>>(((((((((((--------(((((-------------(
#
# SS_cons (((((,<<<<<--<<<_____>>>>>>>><<<<<<<<-------------<<<<<<<<<_
#
# SS_cons ___>>>>>>>>>>>>->>>>>,,,,,,,,,,))))))-------)))))-------))))
#
# SS_cons )))))))::::::::::::::::::::::
#

# Power analysis of given structure 
#
# covary  left_pos      right_pos    substitutions      power
#----------------------------------------------------------------
          56		75		8		0.05
          57		74		9		0.07
          58		73		4		0.00
          59		72		1		0.00
          60		71		1		0.00
          61		70		1		0.00
          96		143		5		0.01
          97		142		2		0.00
          98		141		4		0.00
          99		140		0		0.00
          100		139		0		0.00
          102		137		1		0.00
          103		136		3		0.00
          104		135		5		0.01
     *    105		134		12		0.11
          106		133		8		0.05
          107		132		4		0.00
          108		131		5		0.01
          109		130		0		0.00
          110		129		4		0.00
          111		128		4		0.00
          112		127		14		0.13
     *    113		126		14		0.13
          114		125		8		0.05
          115		124		2		0.00
          116		123		4		0.00
          179		226		5		0.01
     *    180		225		6		0.03
          181		224		12		0.11
          182		223		14		0.13
          183		222		11		0.09
          186		220		8		0.05
          187		219		0		0.00
          188		218		0		0.00
          189		217		0		0.00
          194		209		4		0.00
          195		208		7		0.04
     *    196		207		12		0.11
          197		206		2		0.00
          198		205		0		0.00
          234		309		3		0.00
          235		308		7		0.04
     *    236		307		13		0.12
     *    237		306		14		0.13
     *    238		305		16		0.16
          240		303		16		0.16
          241		302		12		0.11
          242		301		6		0.03
          243		300		7		0.04
          244		299		10		0.08
          245		298		7		0.04
          246		297		10		0.08
     *    247		296		19		0.19
          248		295		16		0.16
          249		294		13		0.12
          250		293		17		0.17
          251		292		13		0.12
          318		363		0		0.00
          319		362		1		0.00
          320		361		4		0.00
          321		360		7		0.04
     *    322		359		9		0.07
          324		357		11		0.09
     *    325		356		14		0.13
     *    326		355		8		0.05
          327		354		8		0.05
          328		353		13		0.12
          329		352		15		0.14
          330		351		15		0.14
          331		350		14		0.13
          372		501		3		0.00
          373		500		4		0.00
          374		499		0		0.00
          375		498		0		0.00
          376		497		1		0.00
          380		492		0		0.00
          381		491		2		0.00
          382		490		1		0.00
          383		489		13		0.12
     *    384		488		15		0.14
          385		487		12		0.11
     *    386		485		16		0.16
          388		484		18		0.18
          390		483		2		0.00
     *    391		482		7		0.04
     *    399		475		12		0.11
     *    400		474		12		0.11
     *    402		473		15		0.14
          403		472		15		0.14
          404		471		12		0.11
          426		463		13		0.12
          427		462		8		0.05
          428		461		12		0.11
          429		460		17		0.17
          430		459		14		0.13
          431		458		17		0.17
     *    432		457		19		0.19
     *    433		456		16		0.16
          434		455		15		0.14
     *    436		454		13		0.12
     *    437		453		16		0.16
          438		452		20		0.20
     *    439		451		19		0.19
     *    440		450		10		0.08
     *    441		449		12		0.11
          525		535		6		0.03
          526		534		7		0.04
          527		533		2		0.00
          545		562		11		0.09
     *    546		561		10		0.08
     *    547		560		18		0.18
          548		559		9		0.07
          563		727		10		0.08
     *    564		726		12		0.11
     *    565		725		13		0.12
     *    566		724		18		0.18
     *    567		723		14		0.13
     *    568		722		14		0.13
     *    569		721		18		0.18
     *    570		720		6		0.03
          571		719		8		0.05
          572		718		10		0.08
          573		717		2		0.00
          582		709		0		0.00
          583		708		7		0.04
          584		707		7		0.04
          585		706		1		0.00
          586		705		5		0.01
          600		697		0		0.00
          601		696		2		0.00
     *    602		695		11		0.09
          603		694		5		0.01
          604		693		0		0.00
          605		692		8		0.05
     *    607		629		8		0.05
     *    608		628		12		0.11
     *    609		627		11		0.09
     *    610		626		18		0.18
     *    611		625		22		0.23
          614		624		21		0.21
     *    615		623		13		0.12
          616		622		4		0.00
     *    630		681		14		0.13
          631		680		15		0.14
     *    632		679		20		0.20
     *    633		678		23		0.24
          634		677		18		0.18
     *    635		675		17		0.17
     *    636		674		19		0.19
     *    637		673		13		0.12
          651		672		4		0.00
          652		671		2		0.00
     *    653		670		6		0.03
     *    654		669		12		0.11
          655		668		13		0.12
          656		667		13		0.12
     *    657		666		14		0.13
     *    658		665		13		0.12
          659		664		4		0.00
#
# BPAIRS 159
# avg substitutions per BP  9.2
# BPAIRS expected to covary 12.2 +/- 3.2
# BPAIRS observed to covary 50
#
