# R-scape :: RNA Structural Covariation Above Phylogenetic Expectation
# R-scape 1.5.16 elenarivas@fas.harvard.edu (August 2020)
# Copyright (C) 2016-2019 Howard Hughes Medical Institute.
# Freely distributed under the GNU General Public License (GPLv3).
#-------------------------------------------------------------------------------------------------------
# MSA RF01766_cspA nseq 15 (15) alen 429 (542) avgid 74.42 (73.27) nbpairs 124 (124)
# Two-set statistical test (one test for annotated basepairs, another for all other pairs)
#
#
# Method Target_E-val [cov_min,cov_max] [FP | TP True Found | Sen PPV F] 
# GTp    0.05         [-9.93,16.99]     [0 | 3 124 3 | 2.42 100.00 4.72] 
#
#       left_pos       right_pos        score          E-value       substitutions      power
#-------------------------------------------------------------------------------------------------------
*	     515	     535	16.98993	0.000874941	10		0.08
*	     518	     532	15.74477	0.00532828	4		0.00
*	     520	     530	15.61598	0.0064213	6		0.03

# The given structure
# SS_cons :::<<<<<<_______>>>>>>::::::::[[--[[[[--------------[[--[[[-
#
# SS_cons -[---[[--[-[------[-[[[--[-[[[-[[-[-[[,,,((((-(((------((((-
#
# SS_cons (--((,,,<-<<<_________________________>>>->,,,,,,,,,,,,,,,,,
#
# SS_cons ,,,,,,,<<<___________>>>,,,,,,,,,,,,,,,,,,,,,))))-)-))------
#
# SS_cons -))))))),<<<<<______>>>>>,,,,,,,,,,,]]]]]]]]]-]]]]-]]]-]----
#
# SS_cons ]]]]]]--]]]]-]]::((((((,,,,,,,<<_____>>,,<<<<<<-<<<<<<-<<<<<
#
# SS_cons <--<<<________>>>>>>>>>---->>->>>>>>>>>>,,,,,,))))))::::<<<-
#
# SS_cons <<<___>>>>>><<<<<<<<<______>>>>>-->>>>:::::<<<-----<<<<_____
#
# SS_cons _____>>>>--->--->>::::::::<<----<<<<<<<<<<_____>>>>>>>>>>>>:
#
# SS_cons ::
#

# Power analysis of given structure 
#
# covary  left_pos      right_pos    substitutions      power
#----------------------------------------------------------------
          4		22		2		0.00
          5		21		1		0.00
          6		20		4		0.00
          7		19		4		0.00
          8		18		3		0.00
          9		17		3		0.00
          31		315		2		0.00
          32		314		0		0.00
          35		312		0		0.00
          36		311		1		0.00
          37		310		4		0.00
          38		309		6		0.03
          53		306		7		0.04
          54		305		3		0.00
          57		304		3		0.00
          58		303		5		0.01
          59		302		1		0.00
          62		301		0		0.00
          66		296		0		0.00
          67		294		3		0.00
          70		293		1		0.00
          72		292		2		0.00
          79		290		6		0.03
          81		289		4		0.00
          82		288		4		0.00
          83		287		4		0.00
          86		285		0		0.00
          88		284		5		0.01
          89		283		3		0.00
          90		282		3		0.00
          92		281		2		0.00
          93		280		0		0.00
          95		279		1		0.00
          97		278		0		0.00
          98		277		2		0.00
          102		248		1		0.00
          103		247		4		0.00
          104		246		3		0.00
          105		245		3		0.00
          107		244		4		0.00
          108		243		5		0.01
          109		242		2		0.00
          116		234		4		0.00
          117		233		1		0.00
          118		231		5		0.01
          119		229		1		0.00
          121		228		8		0.05
          124		227		5		0.01
          125		226		5		0.01
          129		163		5		0.01
          131		161		7		0.04
          132		160		7		0.04
          133		159		8		0.05
          188		204		0		0.00
          189		203		0		0.00
          190		202		1		0.00
          250		265		0		0.00
          251		264		3		0.00
          252		263		4		0.00
          253		262		3		0.00
          254		261		2		0.00
          318		412		3		0.00
          319		411		3		0.00
          320		410		0		0.00
          321		409		4		0.00
          322		408		3		0.00
          323		407		0		0.00
          331		339		1		0.00
          332		338		0		0.00
          342		400		5		0.01
          343		399		4		0.00
          344		398		0		0.00
          345		397		0		0.00
          346		396		2		0.00
          347		395		0		0.00
          349		394		2		0.00
          350		393		1		0.00
          351		392		1		0.00
          352		391		0		0.00
          353		389		0		0.00
          354		388		2		0.00
          356		383		3		0.00
          357		382		4		0.00
          358		381		2		0.00
          359		380		0		0.00
          360		379		4		0.00
          361		378		7		0.04
          364		377		2		0.00
          365		376		3		0.00
          366		375		5		0.01
          417		432		5		0.01
          418		431		0		0.00
          419		430		0		0.00
          421		429		2		0.00
          422		428		0		0.00
          423		427		2		0.00
          433		458		2		0.00
          434		457		2		0.00
          435		456		4		0.00
          436		455		1		0.00
          437		452		2		0.00
          438		451		8		0.05
          439		450		4		0.00
          440		449		7		0.04
          441		448		7		0.04
          464		498		8		0.05
          465		497		8		0.05
          466		493		5		0.01
          472		489		10		0.08
          473		488		4		0.00
          474		487		3		0.00
          475		486		5		0.01
          507		539		4		0.00
          508		538		3		0.00
          513		537		4		0.00
          514		536		4		0.00
     *    515		535		10		0.08
          516		534		6		0.03
          517		533		2		0.00
     *    518		532		4		0.00
          519		531		6		0.03
     *    520		530		6		0.03
          521		529		2		0.00
          522		528		4		0.00
#
# BPAIRS 124
# avg substitutions per BP  3.1
# BPAIRS expected to covary 0.9 +/- 1.0
# BPAIRS observed to covary 3
#
