# R-scape :: RNA Structural Covariation Above Phylogenetic Expectation
# R-scape 1.5.16 elenarivas@fas.harvard.edu (August 2020)
# Copyright (C) 2016-2019 Howard Hughes Medical Institute.
# Freely distributed under the GNU General Public License (GPLv3).
#-------------------------------------------------------------------------------------------------------
# MSA RF01699_Clostridiales-1 nseq 194 (194) alen 185 (264) avgid 55.42 (54.33) nbpairs 62 (62)
# Two-set statistical test (one test for annotated basepairs, another for all other pairs)
#
#
# Method Target_E-val [cov_min,cov_max] [FP | TP True Found | Sen PPV F] 
# GTp    0.05         [-9.76,330.82]     [1 | 58 62 59 | 93.55 98.31 95.87] 
#
#       left_pos       right_pos        score          E-value       substitutions      power
#-------------------------------------------------------------------------------------------------------
*	     215	     231	330.82355	1.03406e-16	37		0.38
*	     127	     160	319.06108	5.03674e-16	28		0.29
*	      24	      90	317.27082	6.55731e-16	74		0.65
*	     125	     162	316.36917	7.2392e-16	37		0.38
*	      44	      70	308.87649	2.01185e-15	47		0.46
*	      36	      79	297.89020	8.86681e-15	56		0.53
*	     114	     173	287.27577	3.65648e-14	20		0.20
*	     103	     189	278.91120	1.12044e-13	41		0.41
*	      23	      91	277.18450	1.41089e-13	89		0.72
*	      11	     253	271.42658	3.10918e-13	61		0.57
*	      43	      71	262.76991	9.83792e-13	66		0.60
*	     128	     159	259.25331	1.55935e-12	25		0.26
*	     102	     190	259.02500	1.61151e-12	37		0.38
*	      12	     252	258.75321	1.6654e-12	73		0.64
*	      52	      62	258.51391	1.7211e-12	26		0.27
*	      38	      77	246.48833	8.91037e-12	63		0.58
*	      22	      92	245.29092	1.01625e-11	48		0.47
*	     101	     191	242.72052	1.45888e-11	53		0.51
*	      50	      64	242.56615	1.50762e-11	26		0.27
*	      37	      78	236.66668	3.31724e-11	64		0.59
*	      21	      93	235.75428	3.66081e-11	29		0.30
*	      42	      73	234.18341	4.6072e-11	62		0.57
*	     201	     243	223.67166	1.89052e-10	44		0.44
*	     116	     171	221.16733	2.62481e-10	26		0.27
*	      10	     254	219.10544	3.41264e-10	43		0.43
*	     200	     244	208.72985	1.39782e-09	29		0.30
*	       9	     255	205.34859	2.14022e-09	46		0.46
*	      53	      61	203.71792	2.69185e-09	23		0.24
*	      13	     251	198.95827	5.18202e-09	65		0.59
*	     206	     238	198.45484	5.53267e-09	23		0.24
*	      51	      63	177.46743	8.90725e-08	18		0.18
*	     106	     187	177.00716	9.50809e-08	37		0.38
*	      45	      69	171.78106	1.88632e-07	37		0.38
*	       8	     257	171.59977	1.94884e-07	38		0.39
*	     213	     232	171.48085	2.01343e-07	35		0.36
*	     107	     185	167.60910	3.3916e-07	39		0.40
*	     216	     230	165.66524	4.26017e-07	22		0.23
*	      48	      66	156.06713	1.56502e-06	69		0.62
*	      35	      80	149.48937	3.63957e-06	53		0.51
*	     104	     188	135.22084	2.45372e-05	43		0.43
*	     202	     241	129.51033	5.14607e-05	17		0.17
*	     113	     174	128.81664	5.66705e-05	27		0.28
*	     130	     157	126.29698	7.81316e-05	15		0.14
*	      41	      74	125.20819	9.17233e-05	47		0.46
*	      39	      76	123.62302	0.00011117	59		0.55
*	     129	     158	122.62760	0.00012636	16		0.16
*	     109	     183	122.16893	0.000134712	11		0.09
*	      46	      68	115.35393	0.000329122	44		0.44
*	     212	     233	107.74708	0.000878228	15		0.14
*	     108	     184	107.03774	0.000965216	11		0.09
*	     124	     163	103.92354	0.00140666	23		0.24
*	     205	     239	100.83937	0.00211027	17		0.17
*	     207	     237	99.19736	0.00262209	40		0.41
*	      40	      75	95.40112	0.0041608	42		0.42
*	      34	      81	93.46576	0.00530953	34		0.35
*	      47	      67	91.10059	0.00717899	55		0.53
*	     131	     156	90.18887	0.00809029	20		0.20
*	       7	     258	77.67211	0.032785	49		0.48
 	      46	      47	120.35827	0.0460884	62		0.57

# The given structure
# SS_cons ::::::(((((((,,,,,,,<<<<--------<<<<<<<<<<<<<<<<-<<<<<_____>
#
# SS_cons >>>>->>>>>>->>>>>>>>>>------->>>>,,,,,,,<<<<-<<<<---<<<<----
#
# SS_cons ---<<-<<<<<________________________>>>>>->>------->>>>------
#
# SS_cons -->>>->>>>>,,,,,,,,<<<<-<<<----<<-<<_____________>>>>--->>>>
#
# SS_cons >->>,,,,,,)))))-))::::::
#

# Power analysis of given structure 
#
# covary  left_pos      right_pos    substitutions      power
#----------------------------------------------------------------
     *    7		258		49		0.48
     *    8		257		38		0.39
     *    9		255		46		0.46
     *    10		254		43		0.43
     *    11		253		61		0.57
     *    12		252		73		0.64
     *    13		251		65		0.59
     *    21		93		29		0.30
     *    22		92		48		0.47
     *    23		91		89		0.72
     *    24		90		74		0.65
          33		82		20		0.20
     *    34		81		34		0.35
     *    35		80		53		0.51
     *    36		79		56		0.53
     *    37		78		64		0.59
     *    38		77		63		0.58
     *    39		76		59		0.55
     *    40		75		42		0.42
     *    41		74		47		0.46
     *    42		73		62		0.57
     *    43		71		66		0.60
     *    44		70		47		0.46
     *    45		69		37		0.38
     *    46		68		44		0.44
     *    47		67		55		0.53
     *    48		66		69		0.62
     *    50		64		26		0.27
     *    51		63		18		0.18
     *    52		62		26		0.27
     *    53		61		23		0.24
          54		60		7		0.04
     *    101		191		53		0.51
     *    102		190		37		0.38
     *    103		189		41		0.41
     *    104		188		43		0.43
     *    106		187		37		0.38
     *    107		185		39		0.40
     *    108		184		11		0.09
     *    109		183		11		0.09
     *    113		174		27		0.28
     *    114		173		20		0.20
          115		172		8		0.05
     *    116		171		26		0.27
     *    124		163		23		0.24
     *    125		162		37		0.38
     *    127		160		28		0.29
     *    128		159		25		0.26
     *    129		158		16		0.16
     *    130		157		15		0.14
     *    131		156		20		0.20
     *    200		244		29		0.30
     *    201		243		44		0.44
     *    202		241		17		0.17
          203		240		21		0.21
     *    205		239		17		0.17
     *    206		238		23		0.24
     *    207		237		40		0.41
     *    212		233		15		0.14
     *    213		232		35		0.36
     *    215		231		37		0.38
     *    216		230		22		0.23
#
# BPAIRS 62
# avg substitutions per BP  37.9
# BPAIRS expected to covary 22.7 +/- 3.6
# BPAIRS observed to covary 58
#
