# R-scape :: RNA Structural Covariation Above Phylogenetic Expectation
# R-scape 1.5.16 elenarivas@fas.harvard.edu (August 2020)
# Copyright (C) 2016-2019 Howard Hughes Medical Institute.
# Freely distributed under the GNU General Public License (GPLv3).
#-------------------------------------------------------------------------------------------------------
# MSA RF01855_Plant_SRP nseq 63 (63) alen 311 (367) avgid 64.32 (63.83) nbpairs 123 (123)
# Two-set statistical test (one test for annotated basepairs, another for all other pairs)
#
#
# Method Target_E-val [cov_min,cov_max] [FP | TP True Found | Sen PPV F] 
# GTp    0.05         [-9.83,75.06]     [0 | 10 123 10 | 8.13 100.00 15.04] 
#
#       left_pos       right_pos        score          E-value       substitutions      power
#-------------------------------------------------------------------------------------------------------
*	     150	     278	75.05963	6.72773e-06	9		0.07
*	      62	     353	68.89352	3.69361e-05	11		0.09
*	     180	     187	67.99574	4.64531e-05	11		0.09
*	     152	     276	60.88113	0.000329756	19		0.19
*	     165	     202	58.18190	0.000679013	15		0.14
*	     223	     265	56.70341	0.00101705	8		0.05
*	     225	     262	54.96519	0.00166202	6		0.03
*	      65	     349	54.84043	0.00173762	16		0.16
*	     163	     204	45.95743	0.017189	27		0.28
*	     151	     277	41.72583	0.0469693	16		0.16

# The given structure
# SS_cons (((,<<<<<<<<____>>>>>>>>,,,,<<<<___>>>>))):::((((((((((-(---
#
# SS_cons (((-(((----((((((----((((((-((((-((((((-((-(---(((-((-------
#
# SS_cons ---------(((((((-((((-((((((((((-(((((,,<<<<<<--<<<<<<<<<-<<
#
# SS_cons <____>>>->>>>>>>->>->>>>>>,,,,<<____>>,<<<<<<<---<<<<<----<<
#
# SS_cons <______>>>---->>>>>->>>->>>>,)))))-)))))-)))))))----))))))))
#
# SS_cons )))-)))-)-))))))-))------))))-))))))--))))))--)))--)))-)))))
#
# SS_cons )))))):
#

# Power analysis of given structure 
#
# covary  left_pos      right_pos    substitutions      power
#----------------------------------------------------------------
          1		42		3		0.00
          2		41		12		0.11
          3		40		5		0.01
          5		24		1		0.00
          6		23		7		0.04
          7		22		7		0.04
          8		21		10		0.08
          9		20		14		0.13
          10		19		14		0.13
          11		18		20		0.20
          12		17		6		0.03
          29		39		5		0.01
          30		38		2		0.00
          31		37		4		0.00
          32		36		10		0.08
          46		366		11		0.09
          47		365		6		0.03
          48		364		5		0.01
          49		363		16		0.16
          50		362		15		0.14
          51		361		11		0.09
          52		360		6		0.03
          53		359		14		0.13
          54		358		11		0.09
          55		357		14		0.13
          57		356		8		0.05
          61		354		6		0.03
     *    62		353		11		0.09
          63		352		14		0.13
     *    65		349		16		0.16
          66		348		17		0.17
          67		347		30		0.31
          72		344		22		0.23
          73		343		29		0.30
          74		342		28		0.29
          75		341		20		0.20
          76		340		20		0.20
          77		339		29		0.30
          82		336		22		0.23
          83		335		17		0.17
          84		334		14		0.13
          85		333		25		0.26
          86		332		24		0.25
          87		331		22		0.23
          89		329		7		0.04
          90		328		16		0.16
          91		327		14		0.13
          92		326		22		0.23
          94		319		3		0.00
          95		318		6		0.03
          96		316		20		0.20
          97		315		13		0.12
          98		314		19		0.19
          99		313		23		0.24
          101		312		16		0.16
          102		311		30		0.31
          104		309		13		0.12
          108		307		30		0.31
          109		306		17		0.17
          110		305		20		0.20
          112		303		11		0.09
          113		302		20		0.20
          130		301		11		0.09
          131		300		11		0.09
          132		299		9		0.07
          133		298		8		0.05
          134		297		10		0.08
          135		296		12		0.11
          136		295		13		0.12
          138		294		2		0.00
          139		293		2		0.00
          140		288		0		0.00
          141		287		0		0.00
          143		286		8		0.05
          144		285		2		0.00
          145		284		4		0.00
          146		283		3		0.00
          147		282		2		0.00
          148		280		5		0.01
          149		279		3		0.00
     *    150		278		9		0.07
     *    151		277		16		0.16
     *    152		276		19		0.19
          154		274		13		0.12
          155		273		7		0.04
          156		272		2		0.00
          157		271		4		0.00
          158		270		12		0.11
          161		206		8		0.05
          162		205		18		0.18
     *    163		204		27		0.28
          164		203		24		0.25
     *    165		202		15		0.14
          166		201		20		0.20
          169		199		28		0.29
          170		198		9		0.07
          171		196		18		0.18
          172		195		16		0.16
          173		194		22		0.23
          174		193		21		0.21
          175		192		13		0.12
          176		191		20		0.20
          177		190		21		0.21
          179		188		26		0.27
     *    180		187		11		0.09
          181		186		5		0.01
          211		218		12		0.11
          212		217		7		0.04
          220		268		18		0.18
          221		267		4		0.00
          222		266		6		0.03
     *    223		265		8		0.05
          224		263		13		0.12
     *    225		262		6		0.03
          226		261		3		0.00
          230		259		29		0.30
          231		258		4		0.00
          232		257		0		0.00
          233		256		4		0.00
          234		255		3		0.00
          239		250		0		0.00
          240		249		2		0.00
          241		248		0		0.00
#
# BPAIRS 123
# avg substitutions per BP  12.4
# BPAIRS expected to covary 13.7 +/- 3.3
# BPAIRS observed to covary 10
#
