# R-scape :: RNA Structural Covariation Above Phylogenetic Expectation
# R-scape 1.5.16 elenarivas@fas.harvard.edu (August 2020)
# Copyright (C) 2016-2019 Howard Hughes Medical Institute.
# Freely distributed under the GNU General Public License (GPLv3).
#-------------------------------------------------------------------------------------------------------
# MSA RF01267_snR37 nseq 9 (9) alen 387 (439) avgid 71.90 (71.12) nbpairs 128 (128)
# Two-set statistical test (one test for annotated basepairs, another for all other pairs)
#
#
# Method Target_E-val [cov_min,cov_max] [FP | TP True Found | Sen PPV F] 
# GTp    0.05         [-5.33,9.42]     [0 | 4 128 4 | 3.12 100.00 6.06] 
#
#       left_pos       right_pos        score          E-value       substitutions      power
#-------------------------------------------------------------------------------------------------------
*	     329	     343	9.41724	0.00475168	4		0.00
*	      84	     180	8.85960	0.013126	4		0.00
*	     235	     247	8.77214	0.014959	4		0.00
*	     360	     415	8.66579	0.0181472	4		0.00

# The given structure
# SS_cons :::::::<<<<<<<<<<<<<-<<<<____>>>>->>>>>>>-->>--->>>>:::::[[[
#
# SS_cons [[[[,,,,((((((((((((((((((((,,,<<<<<<<-<<<<<<<-<<-----<<<<<<
#
# SS_cons __________________>>>>>>--->>>>>>>>>->>>>>>><<<____>>>))))-)
#
# SS_cons ))-)))))))))-)))),,,,,,,,,,,,,,,,,,,,,<<<<<<<--<<<<<<<<<____
#
# SS_cons _____>>>>>>--->>>-->>>>>>>,,,,,,,,,]]]]]]]:::::::::::(((((-(
#
# SS_cons (((((((,,,,,,,,,,,,,,,<<<<<<<<<_________>>>--->>>>>->,<<<--<
#
# SS_cons <<<<-<<-<<<<<<<<<<<______>>>>>>>----->>>>>>------->>>>>>>>))
#
# SS_cons ))))))-))))):::::::
#

# Power analysis of given structure 
#
# covary  left_pos      right_pos    substitutions      power
#----------------------------------------------------------------
          8		52		0		0.00
          9		51		1		0.00
          10		50		1		0.00
          11		49		2		0.00
          12		45		1		0.00
          13		44		1		0.00
          14		41		0		0.00
          15		40		0		0.00
          16		39		0		0.00
          17		38		0		0.00
          18		37		0		0.00
          19		36		0		0.00
          20		35		0		0.00
          22		33		0		0.00
          23		32		0		0.00
          24		31		0		0.00
          25		30		0		0.00
          58		282		0		0.00
          59		281		0		0.00
          60		280		0		0.00
          61		279		0		0.00
          62		278		0		0.00
          63		277		1		0.00
          64		276		0		0.00
          69		197		0		0.00
          70		196		3		0.00
          71		195		1		0.00
          72		194		0		0.00
          73		192		5		0.01
          74		191		3		0.00
          75		190		3		0.00
          76		189		1		0.00
          77		188		5		0.01
          78		187		0		0.00
          79		186		2		0.00
          80		185		2		0.00
          81		184		0		0.00
          82		182		4		0.00
          83		181		6		0.03
     *    84		180		4		0.00
          85		178		1		0.00
          86		177		4		0.00
          87		176		1		0.00
          88		175		0		0.00
          92		164		5		0.01
          93		163		2		0.00
          94		162		3		0.00
          95		161		5		0.01
          96		160		3		0.00
          97		159		7		0.04
          98		158		6		0.03
          100		156		3		0.00
          101		155		5		0.01
          102		154		4		0.00
          103		153		6		0.03
          104		152		4		0.00
          105		151		3		0.00
          106		150		6		0.03
          108		149		6		0.03
          109		148		6		0.03
          115		144		4		0.00
          116		143		3		0.00
          117		142		6		0.03
          118		141		6		0.03
          119		140		5		0.01
          120		139		5		0.01
          165		174		0		0.00
          166		173		1		0.00
          167		172		0		0.00
          219		266		0		0.00
          220		265		0		0.00
          221		264		1		0.00
          222		263		0		0.00
          223		262		0		0.00
          224		261		2		0.00
          225		260		3		0.00
          228		257		3		0.00
          229		256		0		0.00
          230		255		0		0.00
          231		251		3		0.00
          232		250		0		0.00
          233		249		6		0.03
          234		248		2		0.00
     *    235		247		4		0.00
          236		246		2		0.00
          294		432		2		0.00
          295		431		0		0.00
          296		430		3		0.00
          297		429		3		0.00
          298		428		2		0.00
          300		426		0		0.00
          301		425		2		0.00
          302		424		1		0.00
          303		423		5		0.01
          304		422		2		0.00
          305		421		5		0.01
          306		420		2		0.00
          307		419		2		0.00
          323		353		2		0.00
          324		351		6		0.03
          325		350		5		0.01
          326		349		8		0.05
          327		348		3		0.00
          328		347		6		0.03
     *    329		343		4		0.00
          330		342		3		0.00
          331		341		5		0.01
          355		418		4		0.00
          356		417		2		0.00
          357		416		5		0.01
     *    360		415		4		0.00
          361		414		6		0.03
          362		413		3		0.00
          363		412		6		0.03
          364		411		5		0.01
          366		403		2		0.00
          367		402		4		0.00
          369		401		2		0.00
          370		400		0		0.00
          371		399		0		0.00
          372		398		0		0.00
          373		392		0		0.00
          374		391		2		0.00
          375		390		1		0.00
          376		389		3		0.00
          377		388		4		0.00
          378		387		0		0.00
          379		386		2		0.00
#
# BPAIRS 128
# avg substitutions per BP  2.4
# BPAIRS expected to covary 0.6 +/- 0.8
# BPAIRS observed to covary 4
#
