# R-scape :: RNA Structural Covariation Above Phylogenetic Expectation
# R-scape 1.5.16 elenarivas@fas.harvard.edu (August 2020)
# Copyright (C) 2016-2019 Howard Hughes Medical Institute.
# Freely distributed under the GNU General Public License (GPLv3).
#-------------------------------------------------------------------------------------------------------
# MSA RF01857_Archaea_SRP nseq 53 (53) alen 320 (363) avgid 52.27 (51.86) nbpairs 132 (132)
# Two-set statistical test (one test for annotated basepairs, another for all other pairs)
#
#
# Method Target_E-val [cov_min,cov_max] [FP | TP True Found | Sen PPV F] 
# GTp    0.05         [-9.86,103.76]     [1 | 69 132 70 | 52.27 98.57 68.32] 
#
#       left_pos       right_pos        score          E-value       substitutions      power
#-------------------------------------------------------------------------------------------------------
*	     190	     199	103.76057	3.31139e-11	27		0.28
*	      24	      37	91.61213	1.46541e-09	12		0.11
*	     179	     211	90.49070	2.05143e-09	25		0.26
*	     160	     278	89.88707	2.42712e-09	32		0.33
*	     189	     200	88.08883	4.37149e-09	33		0.34
*	     123	     316	86.04102	8.20871e-09	31		0.32
*	     178	     212	83.76141	1.60689e-08	23		0.24
*	     124	     315	82.76841	2.24785e-08	25		0.26
*	     222	     260	82.61356	2.34415e-08	20		0.20
*	     161	     277	78.73883	7.58182e-08	18		0.18
*	     223	     259	77.63529	1.10531e-07	24		0.25
*	     118	     322	77.39657	1.15257e-07	36		0.37
*	     177	     213	74.99359	2.44805e-07	20		0.20
*	     180	     210	74.91706	2.55261e-07	23		0.24
*	     231	     254	73.36516	4.04319e-07	6		0.03
*	     167	     271	71.03406	8.22479e-07	21		0.21
*	     104	     336	70.30467	1.01335e-06	26		0.27
*	     187	     202	70.40024	1.01335e-06	32		0.33
*	       7	     356	67.91534	2.1466e-06	15		0.14
*	     181	     209	65.53530	4.54193e-06	29		0.30
*	      95	     344	64.45060	6.33463e-06	16		0.16
*	     159	     279	63.60633	8.12837e-06	29		0.30
*	      93	     346	62.28266	1.23116e-05	25		0.26
*	     119	     321	60.81590	1.86384e-05	34		0.35
*	     117	     323	60.44402	2.11054e-05	32		0.33
*	     173	     266	59.83171	2.59608e-05	17		0.17
*	     162	     276	59.28455	3.06347e-05	11		0.09
*	      18	      81	58.68841	3.61466e-05	9		0.07
*	     132	     305	58.26954	4.09193e-05	33		0.34
*	       6	     357	57.93613	4.4445e-05	27		0.28
*	     230	     255	57.98949	4.4445e-05	15		0.14
*	     149	     291	57.83596	4.63197e-05	34		0.35
*	     188	     201	57.09681	5.93418e-05	26		0.27
*	     232	     253	54.74648	0.000119564	6		0.03
*	     121	     319	54.52539	0.000129815	40		0.41
*	      20	      79	54.41239	0.000129815	14		0.13
*	     221	     261	54.34469	0.000135265	22		0.23
*	     131	     306	54.20562	0.000140942	21		0.21
*	      19	      80	54.08119	0.000146855	8		0.05
*	     120	     320	53.42987	0.000180337	36		0.37
*	      56	      76	53.06290	0.000195765	11		0.09
*	      25	      36	53.10163	0.000195765	10		0.08
*	     116	     324	52.37262	0.000240318	35		0.36
*	       9	     354	52.33284	0.000250371	11		0.09
*	     224	     258	52.30472	0.000250371	10		0.08
*	      57	      75	52.34474	0.000250371	8		0.05
*	       4	     358	52.16111	0.000260842	16		0.16
*	     133	     304	52.05942	0.000271748	33		0.34
*	     138	     300	52.00367	0.000271748	28		0.29
*	     130	     307	50.12076	0.000481613	14		0.13
*	     239	     246	48.14345	0.00088672	6		0.03
*	      54	      78	46.63040	0.00138431	6		0.03
*	      94	     345	44.77451	0.00233661	26		0.27
~	      29	      69	64.29205	0.00254674	16		0.16
*	     103	     337	43.77647	0.00321865	21		0.21
*	     186	     203	42.88829	0.00408793	36		0.37
*	     184	     205	42.63772	0.00442599	34		0.35
*	      23	      38	40.93941	0.0073933	6		0.03
*	     137	     301	40.73048	0.00768882	27		0.28
*	     122	     318	40.45342	0.00831465	37		0.38
*	     219	     263	39.51105	0.0109174	21		0.21
*	     166	     272	39.43860	0.0113481	6		0.03
*	     105	     335	38.61864	0.0142948	26		0.27
*	      92	     347	35.72353	0.0312802	27		0.28
*	       8	     355	35.45443	0.033601	8		0.05
*	     185	     204	35.40152	0.033601	31		0.32
*	     125	     314	35.05290	0.0373535	23		0.24
*	     139	     299	34.70731	0.0400393	25		0.26
*	      96	     343	34.23647	0.045848	12		0.11
*	     170	     269	34.09112	0.047387	29		0.30

# The given structure
# SS_cons :[[[-[[[[[[,,,,(((((<<<<<<<______>>>>>->>,,,,,,,,,,,,<<<<<<<
#
# SS_cons ___________>>>>>>>))))),,,,((((((((((--((((((-(((----(((((((
#
# SS_cons (((((--(((((((-(((((((((---((((((((-((((((-(((((-(((((<<<<<<
#
# SS_cons <<<<<<<<<<<<____>>>>>>>>>>>->>>>>>>,,,<<<<<<<---<<<<<----<<<
#
# SS_cons ____>>>---->>>>>>>>>>>>,))))))))))-))))))---))))))))-)))))))
#
# SS_cons )))))))))----)))-)))))))))---)))--))))))-))))))))))]]]]]]]]]
#
# SS_cons :::
#

# Power analysis of given structure 
#
# covary  left_pos      right_pos    substitutions      power
#----------------------------------------------------------------
          2		360		22		0.23
          3		359		21		0.21
     *    4		358		16		0.16
     *    6		357		27		0.28
     *    7		356		15		0.14
     *    8		355		8		0.05
     *    9		354		11		0.09
          10		353		7		0.04
          11		352		15		0.14
          16		83		10		0.08
          17		82		3		0.00
     *    18		81		9		0.07
     *    19		80		8		0.05
     *    20		79		14		0.13
          21		41		4		0.00
          22		40		6		0.03
     *    23		38		6		0.03
     *    24		37		12		0.11
     *    25		36		10		0.08
          26		35		9		0.07
          27		34		15		0.14
     *    54		78		6		0.03
          55		77		2		0.00
     *    56		76		11		0.09
     *    57		75		8		0.05
          58		74		6		0.03
          59		73		17		0.17
          60		72		5		0.01
          88		351		6		0.03
          89		350		15		0.14
          90		349		12		0.11
          91		348		10		0.08
     *    92		347		27		0.28
     *    93		346		25		0.26
     *    94		345		26		0.27
     *    95		344		16		0.16
     *    96		343		12		0.11
          97		342		17		0.17
          100		340		15		0.14
          101		339		18		0.18
          102		338		17		0.17
     *    103		337		21		0.21
     *    104		336		26		0.27
     *    105		335		26		0.27
          107		332		23		0.24
          108		331		28		0.29
          109		330		27		0.28
          114		326		29		0.30
          115		325		32		0.33
     *    116		324		35		0.36
     *    117		323		32		0.33
     *    118		322		36		0.37
     *    119		321		34		0.35
     *    120		320		36		0.37
     *    121		319		40		0.41
     *    122		318		37		0.38
     *    123		316		31		0.32
     *    124		315		25		0.26
     *    125		314		23		0.24
          128		309		27		0.28
          129		308		23		0.24
     *    130		307		14		0.13
     *    131		306		21		0.21
     *    132		305		33		0.34
     *    133		304		33		0.34
          134		303		26		0.27
          136		302		29		0.30
     *    137		301		27		0.28
     *    138		300		28		0.29
     *    139		299		25		0.26
          140		298		23		0.24
          141		297		27		0.28
          142		296		14		0.13
          143		295		12		0.11
          144		294		19		0.19
          148		292		19		0.19
     *    149		291		34		0.35
          150		290		10		0.08
          151		289		16		0.16
          152		288		8		0.05
          153		287		6		0.03
          154		286		0		0.00
          155		285		11		0.09
          157		281		3		0.00
          158		280		0		0.00
     *    159		279		29		0.30
     *    160		278		32		0.33
     *    161		277		18		0.18
     *    162		276		11		0.09
          164		274		3		0.00
          165		273		0		0.00
     *    166		272		6		0.03
     *    167		271		21		0.21
          168		270		13		0.12
     *    170		269		29		0.30
          171		268		17		0.17
          172		267		21		0.21
     *    173		266		17		0.17
          174		265		4		0.00
          175		215		8		0.05
          176		214		21		0.21
     *    177		213		20		0.20
     *    178		212		23		0.24
     *    179		211		25		0.26
     *    180		210		23		0.24
     *    181		209		29		0.30
          182		207		26		0.27
          183		206		32		0.33
     *    184		205		34		0.35
     *    185		204		31		0.32
     *    186		203		36		0.37
     *    187		202		32		0.33
     *    188		201		26		0.27
     *    189		200		33		0.34
     *    190		199		27		0.28
          191		198		13		0.12
          192		197		7		0.04
     *    219		263		21		0.21
          220		262		16		0.16
     *    221		261		22		0.23
     *    222		260		20		0.20
     *    223		259		24		0.25
     *    224		258		10		0.08
          225		257		12		0.11
          229		256		9		0.07
     *    230		255		15		0.14
     *    231		254		6		0.03
     *    232		253		6		0.03
          233		252		16		0.16
          238		247		3		0.00
     *    239		246		6		0.03
          240		245		4		0.00
#
# BPAIRS 132
# avg substitutions per BP  18.2
# BPAIRS expected to covary 23.3 +/- 4.2
# BPAIRS observed to covary 69
#
