# R-scape :: RNA Structural Covariation Above Phylogenetic Expectation
# R-scape 1.5.16 elenarivas@fas.harvard.edu (August 2020)
# Copyright (C) 2016-2019 Howard Hughes Medical Institute.
# Freely distributed under the GNU General Public License (GPLv3).
#-------------------------------------------------------------------------------------------------------
# MSA RF01263_snR191 nseq 11 (11) alen 276 (306) avgid 68.57 (68.25) nbpairs 77 (77)
# Two-set statistical test (one test for annotated basepairs, another for all other pairs)
#
#
# Method Target_E-val [cov_min,cov_max] [FP | TP True Found | Sen PPV F] 
# GTp    0.05         [-6.97,15.04]     [0 | 12 77 12 | 15.58 100.00 26.97] 
#
#       left_pos       right_pos        score          E-value       substitutions      power
#-------------------------------------------------------------------------------------------------------
*	      32	      45	15.04035	1.83856e-05	8		0.05
*	     120	     130	13.62712	0.000209975	6		0.03
*	      34	      43	12.98097	0.000584968	8		0.05
*	     121	     129	12.71289	0.000892071	6		0.03
*	      27	      64	12.35391	0.00160061	6		0.03
*	     111	     142	12.23093	0.00188865	4		0.00
*	     162	     176	12.09388	0.00241714	4		0.00
*	      98	     207	11.56968	0.00541412	4		0.00
*	     118	     132	11.15356	0.0100681	2		0.00
*	      25	      66	10.49524	0.025209	4		0.00
*	     157	     182	10.30249	0.0319385	4		0.00
*	     230	     282	10.18979	0.0353546	4		0.00

# The given structure
# SS_cons ::<<<<<-----------<<<<<<<<<<--<<<<<______>>>>>--------------
#
# SS_cons -->>>>>>>>>>-------->>>>>::::::::::((((((,,,<<<-<<<<<--<<<<<
#
# SS_cons <<_____>>>>>>>----->>>>>>>>,,,,,<<<<<---<<<<<<<___>>>>>>>---
#
# SS_cons ->>>>>,,,,,,,,,,,,,,,,,)))))):<<<<-<<<<------<<<<<--<<<<--<<
#
# SS_cons <<<<<_____________>>>>->>>-------->>>>--->>>>>----->>>>->>>>
#
# SS_cons ::::::
#

# Power analysis of given structure 
#
# covary  left_pos      right_pos    substitutions      power
#----------------------------------------------------------------
          3		85		0		0.00
          4		84		0		0.00
          5		83		0		0.00
          6		82		0		0.00
          7		81		0		0.00
          19		72		0		0.00
          20		71		0		0.00
          21		70		4		0.00
          22		69		2		0.00
          23		68		4		0.00
          24		67		4		0.00
     *    25		66		4		0.00
          26		65		0		0.00
     *    27		64		6		0.03
          28		63		4		0.00
          31		46		5		0.01
     *    32		45		8		0.05
          33		44		3		0.00
     *    34		43		8		0.05
          35		42		3		0.00
          96		209		4		0.00
          97		208		2		0.00
     *    98		207		4		0.00
          99		206		7		0.04
          100		205		2		0.00
          101		204		0		0.00
          105		147		2		0.00
          106		146		3		0.00
          107		145		4		0.00
          109		144		3		0.00
          110		143		5		0.01
     *    111		142		4		0.00
          112		141		7		0.04
          113		140		7		0.04
          116		134		7		0.04
          117		133		4		0.00
     *    118		132		2		0.00
          119		131		5		0.01
     *    120		130		6		0.03
     *    121		129		6		0.03
          122		128		0		0.00
          153		186		2		0.00
          154		185		8		0.05
          155		184		5		0.01
          156		183		2		0.00
     *    157		182		4		0.00
          161		177		0		0.00
     *    162		176		4		0.00
          163		175		3		0.00
          164		174		6		0.03
          165		173		2		0.00
          166		172		3		0.00
          167		171		1		0.00
          211		300		0		0.00
          212		299		1		0.00
          213		298		2		0.00
          214		297		0		0.00
          216		295		2		0.00
          217		294		1		0.00
          218		293		5		0.01
          219		292		2		0.00
          226		286		0		0.00
          227		285		2		0.00
          228		284		0		0.00
          229		283		1		0.00
     *    230		282		4		0.00
          233		278		4		0.00
          234		277		5		0.01
          235		276		4		0.00
          236		275		6		0.03
          239		266		8		0.05
          240		265		7		0.04
          241		264		6		0.03
          242		262		5		0.01
          243		261		5		0.01
          244		260		5		0.01
          245		259		8		0.05
#
# BPAIRS 77
# avg substitutions per BP  3.4
# BPAIRS expected to covary 0.7 +/- 0.8
# BPAIRS observed to covary 12
#
