# R-scape :: RNA Structural Covariation Above Phylogenetic Expectation
# R-scape 1.5.16 elenarivas@fas.harvard.edu (August 2020)
# Copyright (C) 2016-2019 Howard Hughes Medical Institute.
# Freely distributed under the GNU General Public License (GPLv3).
#-------------------------------------------------------------------------------------------------------
# MSA RF02542_SSU_rRNA_microsporidia nseq 46 (46) alen 1392 (1752) avgid 67.07 (66.53) nbpairs 366 (366)
# Two-set statistical test (one test for annotated basepairs, another for all other pairs)
#
#
# Method Target_E-val [cov_min,cov_max] [FP | TP True Found | Sen PPV F] 
# GTp    0.05         [-9.84,93.06]     [1 | 118 366 119 | 32.24 99.16 48.66] 
#
#       left_pos       right_pos        score          E-value       substitutions      power
#-------------------------------------------------------------------------------------------------------
*	     131	     238	93.05870	1.50885e-11	29		0.30
*	    1434	    1454	90.76641	3.63202e-11	20		0.20
*	    1292	    1306	90.25485	4.38403e-11	18		0.18
*	     911	     949	87.77801	1.12295e-10	30		0.31
*	    1295	    1303	87.25608	1.35528e-10	27		0.28
*	     456	     474	87.28009	1.35528e-10	34		0.35
*	     743	     813	81.59099	1.21345e-09	22		0.23
*	    1293	    1305	80.51738	1.88032e-09	27		0.28
*	     267	     287	79.81798	2.41484e-09	16		0.16
*	     459	     471	79.24569	2.91318e-09	24		0.25
*	     755	     782	75.69452	1.15198e-08	26		0.27
*	     393	     406	75.22715	1.38932e-08	17		0.17
*	    1380	    1417	73.39208	2.7604e-08	38		0.39
*	     394	     405	72.34409	4.27166e-08	15		0.14
*	     458	     472	70.51885	8.47965e-08	28		0.29
*	    1186	    1191	70.34510	9.02477e-08	14		0.13
*	     742	     814	70.41011	9.02477e-08	17		0.17
*	     850	     890	69.17452	1.39566e-07	14		0.13
*	    1438	    1450	68.43981	1.90527e-07	27		0.28
*	     918	     942	68.39276	1.90527e-07	24		0.25
*	    1104	    1151	67.89698	2.29633e-07	31		0.32
*	    1103	    1152	67.55533	2.6006e-07	29		0.30
*	     130	     239	67.25565	2.94511e-07	16		0.16
*	    1435	    1453	66.25508	4.27687e-07	14		0.13
*	    1569	    1674	65.94255	4.84298e-07	25		0.26
*	     753	     784	65.78339	5.1535e-07	24		0.25
*	    1480	    1493	65.66592	5.48389e-07	28		0.29
*	     754	     783	65.23344	6.20945e-07	25		0.26
*	     272	     282	65.03119	7.03083e-07	13		0.12
*	     457	     473	64.85882	7.48133e-07	34		0.35
*	    1294	    1304	64.62201	7.96065e-07	23		0.24
*	    1117	    1140	64.52498	8.47061e-07	29		0.30
*	    1381	    1416	63.51921	1.22928e-06	29		0.30
*	    1107	    1148	63.42058	1.22928e-06	28		0.29
*	     994	    1001	62.85858	1.57547e-06	23		0.24
*	     912	     948	62.52785	1.7835e-06	28		0.29
*	    1551	    1689	62.27488	1.89757e-06	20		0.20
*	    1379	    1418	62.19959	2.01892e-06	32		0.33
*	     124	     244	62.23394	2.01892e-06	14		0.13
*	     752	     785	61.38562	2.7522e-06	14		0.13
*	      68	      89	60.52841	3.75103e-06	18		0.18
*	    1105	    1150	59.69594	5.11127e-06	35		0.36
*	    1093	    1353	59.06961	6.54577e-06	12		0.11
*	    1378	    1419	58.43080	8.38161e-06	26		0.27
*	     460	     470	58.34251	8.91576e-06	30		0.31
*	     746	     793	57.91815	1.00881e-05	25		0.26
*	     756	     781	57.75685	1.07306e-05	11		0.09
*	     113	     251	57.62164	1.1414e-05	8		0.05
*	     386	     411	57.48111	1.21408e-05	8		0.05
*	    1106	    1149	56.85853	1.55396e-05	39		0.40
*	     745	     811	55.85616	2.24947e-05	19		0.19
*	    1226	    1317	55.70949	2.39241e-05	20		0.20
*	     485	     538	54.93278	3.06061e-05	10		0.08
*	     913	     947	54.36895	3.91465e-05	21		0.21
*	    1439	    1449	53.79497	4.70758e-05	27		0.28
*	    1118	    1139	53.08038	6.40009e-05	17		0.17
*	    1568	    1675	52.18478	8.69795e-05	27		0.28
*	     954	     961	52.25502	8.69795e-05	7		0.04
*	    1476	    1497	51.73421	0.000104538	20		0.20
*	     851	     889	51.23645	0.000125623	17		0.17
*	    1436	    1452	50.93174	0.000141981	23		0.24
*	    1433	    1455	50.54533	0.000160458	6		0.03
*	    1477	    1496	50.34207	0.000181326	20		0.20
*	     732	     822	50.17208	0.000192752	8		0.05
*	    1376	    1421	49.56005	0.000231507	14		0.13
*	      38	     421	48.74660	0.000314051	11		0.09
*	    1199	    1207	48.68818	0.00033378	9		0.07
*	    1565	    1678	48.36698	0.000377011	17		0.17
*	     751	     787	47.94688	0.000425803	6		0.03
*	     153	     162	48.06816	0.000425803	13		0.12
*	    1227	    1316	47.79168	0.000452502	24		0.25
*	     355	     366	47.34394	0.000542997	10		0.08
*	     128	     241	47.34761	0.000542997	9		0.07
*	    1440	    1448	47.25427	0.000576991	26		0.27
*	     269	     285	46.92847	0.000651447	9		0.07
*	    1377	    1420	46.39304	0.000781375	26		0.27
*	     254	     300	46.29028	0.000781375	10		0.08
*	    1156	    1343	46.05027	0.000881973	7		0.04
*	     917	     943	45.71782	0.00099541	35		0.36
*	     762	     771	45.74942	0.00099541	18		0.18
*	     993	    1002	45.59063	0.00105744	20		0.20
*	     728	     828	45.27180	0.00119324	13		0.12
*	    1437	    1451	45.07899	0.00126748	21		0.21
*	    1475	    1498	44.95516	0.00134631	11		0.09
*	     152	     163	44.85340	0.00134631	20		0.20
*	    1116	    1141	44.42990	0.00161311	24		0.25
*	    1479	    1494	44.03095	0.00181944	19		0.19
*	      67	      90	44.15772	0.00181944	13		0.12
*	      31	     544	42.71458	0.00294028	7		0.04
*	     262	     290	42.82871	0.00294028	17		0.17
*	      72	      84	41.77682	0.00420697	29		0.30
*	     572	     840	41.68550	0.00446508	8		0.05
*	     129	     240	41.38813	0.00473879	12		0.11
 	     251	    1181	62.39260	0.00501751	6		0.03
*	     273	     281	41.13797	0.00533674	4		0.00
*	     114	     250	41.03484	0.005663	12		0.11
*	     744	     812	40.59349	0.00637551	13		0.12
*	     154	     161	40.59419	0.00637551	4		0.00
*	    1225	    1318	40.31691	0.00717601	6		0.03
*	    1050	    1369	40.17759	0.00761251	9		0.07
*	    1058	    1359	40.01663	0.00807506	2		0.00
*	    1556	    1685	39.78025	0.00856516	23		0.24
*	     268	     286	39.91395	0.00856516	10		0.08
*	     731	     823	39.56705	0.00963447	12		0.11
*	     259	     297	39.52741	0.00963447	10		0.08
*	    1548	    1692	39.14004	0.0108342	21		0.21
*	     562	     979	38.86606	0.0121798	10		0.08
*	     919	     941	38.89847	0.0121798	28		0.29
*	    1559	    1682	38.68693	0.0129125	13		0.12
*	    1429	    1459	38.31057	0.0145091	4		0.00
*	    1478	    1495	38.27651	0.0153781	17		0.17
*	     915	     945	37.97775	0.0162976	25		0.26
*	     132	     237	38.08231	0.0162976	40		0.41
*	    1096	    1350	37.30963	0.0205394	15		0.14
*	     502	     532	36.68237	0.0258408	2		0.00
*	    1228	    1315	36.34297	0.0289633	31		0.32
*	     503	     531	35.53677	0.0384264	5		0.01
*	    1097	    1349	35.33766	0.0429785	11		0.09
*	     914	     946	35.10487	0.0454405	27		0.28

# The given structure
# SS_cons :::<<<<<_________>>>>>:{-{{{{-{{{{{,{{{{{{{{[-----[[[--[[[,,
#
# SS_cons <<---<<<---<<_________>>---->>>->>,,,,,,(((,,,,,,,<<<<<<<<--
#
# SS_cons --<<---<<<<<<<------<<<-----<<<<<<<____>>>>>>>------>>>-----
#
# SS_cons ------------------------------------------------------>>>>>>
#
# SS_cons >-->>>>>>>>>><<<--<-<<<--<<<<<<<<_______>>>>>>>>>>>----->>>>
#
# SS_cons ,,,<<<<-<<<<____>>>>--->>>>))),<<<<<<__________>>>>>>,<<<<__
#
# SS_cons __>>>>,,,]]]]-]]-],,,,,<-<<<---<<<<<______>>>>>->>>>,}}-}}}}
#
# SS_cons }},,,,,,,,,,,,,,,,,,,,,,,,,,,,,,,,<<<<<<_________>>>>>>,,,,,
#
# SS_cons ,,,,<<--<<<<---------<<<<------<<_____>>-------->>>>>>>>>>,}
#
# SS_cons }}}}}}}}}::::::::::[[[,,,,,,,((((---(((---------------------
#
# SS_cons ------------------------------------------------------------
#
# SS_cons ------------------------------------------------------------
#
# SS_cons ------((((((((-(--(((((((<<--<<<<<<<<---<<<______>>->------>
#
# SS_cons >>>>>->->-->>,,,,<--<<_____>>>)))))))-)))))-)-)))---)))---))
#
# SS_cons )),,,,<<-<<<<----<<---<<<<___________>>>>--->>>>>>->>,,,,,,,
#
# SS_cons ,,,((((((,<<<<<<<<<<___________________>>>>>>>>>>,,,<<______
#
# SS_cons >>,,,,,)))----))),]]]:<<<------<<<<____>>>>----->>>:::::::::
#
# SS_cons ::{{{{{-{{{{{{{--{{,,{{{{{{{{{{{{{{{{{,,,,,,,<<<<________>>>
#
# SS_cons >,,,,,,,,,{{{{{{{,,,,,<<<<<<-------<<<<__________________>>>
#
# SS_cons >----->>>>>>,,,[[-[[[[--[[[[[-[[[[,,,((((((<<<____>>>,,<<<<_
#
# SS_cons ______>>>>,,,)))))),,,,,((((,,,,,,,,,,,,,,,,,,,,,,,,,,,,,,,,
#
# SS_cons ,,,,,,,,,,<<_________>>,,,,,<<<<<<<<_____>>>>>>>>,,,,,)))),,
#
# SS_cons ,,]]]]-]]-]---]-]]]]]]],,,,,}}}}}}},,,}-}-}}}}}}}}}},,,<<<<<
#
# SS_cons <__________________________________>>>>>>,,,,,,,<---<<<<<<<<
#
# SS_cons _______>>>>>>>>--->,,,,,}}}}},,,,,<<<<<<<<________>>>>>>>>,,
#
# SS_cons ,,,,,}}---}}}}}}}}}}-}}::::<<-<<-<-<<<<<<<<--<<<<<<<<-<<<<<<
#
# SS_cons <<--<<-<<___________________________________________________
#
# SS_cons _____________________________________________________>>->>>>
#
# SS_cons >>>>>>>>>>>>>>-->>>>>>>>-->->>-->>::::::<<<<<<<<<<____>>>>>>
#
# SS_cons >>>>::::::::
#

# Power analysis of given structure 
#
# covary  left_pos      right_pos    substitutions      power
#----------------------------------------------------------------
          4		22		2		0.00
          5		21		1		0.00
          6		20		1		0.00
          7		19		2		0.00
          8		18		0		0.00
          24		549		6		0.03
          26		548		6		0.03
          27		547		7		0.04
          28		546		11		0.09
          29		545		8		0.05
     *    31		544		7		0.04
          32		543		8		0.05
          33		542		8		0.05
          34		541		1		0.00
          35		540		3		0.00
          37		422		7		0.04
     *    38		421		11		0.09
          39		420		12		0.11
          40		419		6		0.03
          41		418		10		0.08
          42		417		18		0.18
          43		415		18		0.18
          44		414		8		0.05
          45		378		1		0.00
          51		376		4		0.00
          52		375		0		0.00
          53		373		0		0.00
          56		372		0		0.00
          57		371		0		0.00
          58		370		1		0.00
          61		94		5		0.01
          62		93		14		0.13
          66		91		16		0.16
     *    67		90		13		0.12
     *    68		89		18		0.18
     *    72		84		29		0.30
          73		83		15		0.14
          101		330		1		0.00
          102		329		1		0.00
          103		328		0		0.00
          111		253		22		0.23
          112		252		6		0.03
     *    113		251		8		0.05
     *    114		250		12		0.11
          115		249		19		0.19
          116		248		26		0.27
          117		247		29		0.30
          118		246		12		0.11
          123		245		7		0.04
     *    124		244		14		0.13
     *    128		241		9		0.07
     *    129		240		12		0.11
     *    130		239		16		0.16
     *    131		238		29		0.30
     *    132		237		40		0.41
          133		236		36		0.37
          134		235		37		0.38
          141		175		26		0.27
          142		174		31		0.32
          143		173		16		0.16
          149		166		13		0.12
          150		165		0		0.00
          151		164		10		0.08
     *    152		163		20		0.20
     *    153		162		13		0.12
     *    154		161		4		0.00
          155		160		9		0.07
     *    254		300		10		0.08
          255		299		4		0.00
          256		298		4		0.00
     *    259		297		10		0.08
          261		291		0		0.00
     *    262		290		17		0.17
          263		289		2		0.00
          266		288		11		0.09
     *    267		287		16		0.16
     *    268		286		10		0.08
     *    269		285		9		0.07
          270		284		0		0.00
          271		283		3		0.00
     *    272		282		13		0.12
     *    273		281		4		0.00
          304		327		0		0.00
          305		326		1		0.00
          306		325		4		0.00
          307		324		6		0.03
          309		320		16		0.16
          310		319		11		0.09
          311		318		2		0.00
          312		317		3		0.00
          332		353		7		0.04
          333		352		3		0.00
          334		351		9		0.07
          335		350		2		0.00
          336		349		0		0.00
          337		348		1		0.00
     *    355		366		10		0.08
          356		365		10		0.08
          357		364		0		0.00
          358		363		0		0.00
          384		412		1		0.00
     *    386		411		8		0.05
          387		410		3		0.00
          388		409		2		0.00
          392		407		2		0.00
     *    393		406		17		0.17
     *    394		405		15		0.14
          395		404		16		0.16
          396		403		18		0.18
          455		475		37		0.38
     *    456		474		34		0.35
     *    457		473		34		0.35
     *    458		472		28		0.29
     *    459		471		24		0.25
     *    460		470		30		0.31
     *    485		538		10		0.08
          486		537		5		0.01
          489		536		2		0.00
          490		535		1		0.00
          491		534		0		0.00
          492		533		2		0.00
     *    502		532		2		0.00
     *    503		531		5		0.01
          504		530		3		0.00
          505		529		0		0.00
          512		520		0		0.00
          513		519		0		0.00
          560		981		4		0.00
          561		980		9		0.07
     *    562		979		10		0.08
          570		842		0		0.00
          571		841		5		0.01
     *    572		840		8		0.05
          573		839		3		0.00
          577		835		3		0.00
          578		834		2		0.00
          579		833		10		0.08
          727		829		13		0.12
     *    728		828		13		0.12
          729		827		3		0.00
          730		825		19		0.19
     *    731		823		12		0.11
     *    732		822		8		0.05
          733		821		17		0.17
          734		820		22		0.23
          736		819		20		0.20
          739		817		18		0.18
          740		816		0		0.00
          741		815		19		0.19
     *    742		814		17		0.17
     *    743		813		22		0.23
     *    744		812		13		0.12
     *    745		811		19		0.19
     *    746		793		25		0.26
          747		792		13		0.12
          750		789		3		0.00
     *    751		787		6		0.03
     *    752		785		14		0.13
     *    753		784		24		0.25
     *    754		783		25		0.26
     *    755		782		26		0.27
     *    756		781		11		0.09
          757		780		7		0.04
          761		773		9		0.07
     *    762		771		18		0.18
          763		770		6		0.03
          798		810		5		0.01
          801		809		0		0.00
          802		808		0		0.00
          847		893		1		0.00
          848		892		3		0.00
     *    850		890		14		0.13
     *    851		889		17		0.17
          852		888		1		0.00
          853		887		4		0.00
          858		886		3		0.00
          859		885		1		0.00
          863		881		13		0.12
          864		880		9		0.07
          865		879		9		0.07
          866		878		0		0.00
          904		977		1		0.00
          905		976		3		0.00
          906		975		4		0.00
          907		970		24		0.25
          908		969		1		0.00
          909		968		5		0.01
     *    911		949		30		0.31
     *    912		948		28		0.29
     *    913		947		21		0.21
     *    914		946		27		0.28
     *    915		945		25		0.26
          916		944		27		0.28
     *    917		943		35		0.36
     *    918		942		24		0.25
     *    919		941		28		0.29
          920		940		37		0.38
          953		962		13		0.12
     *    954		961		7		0.04
          983		1011		0		0.00
          984		1010		0		0.00
          985		1009		4		0.00
          992		1003		19		0.19
     *    993		1002		20		0.20
     *    994		1001		23		0.24
          995		1000		9		0.07
          1023		1523		0		0.00
          1024		1522		0		0.00
          1025		1520		2		0.00
          1026		1519		0		0.00
          1027		1518		0		0.00
          1029		1517		0		0.00
          1030		1516		5		0.01
          1031		1515		4		0.00
          1032		1514		8		0.05
          1033		1513		3		0.00
          1034		1512		3		0.00
          1035		1511		0		0.00
          1038		1507		2		0.00
          1039		1506		0		0.00
          1042		1469		2		0.00
          1043		1468		4		0.00
          1044		1467		2		0.00
          1045		1466		0		0.00
          1046		1465		0		0.00
          1047		1372		0		0.00
          1048		1371		0		0.00
          1049		1370		2		0.00
     *    1050		1369		9		0.07
          1051		1368		2		0.00
          1052		1367		4		0.00
          1053		1366		0		0.00
          1054		1365		2		0.00
          1055		1364		0		0.00
          1056		1363		2		0.00
          1057		1361		0		0.00
     *    1058		1359		2		0.00
          1066		1081		2		0.00
          1067		1080		3		0.00
          1068		1079		3		0.00
          1069		1078		3		0.00
          1091		1355		1		0.00
          1092		1354		0		0.00
     *    1093		1353		12		0.11
          1094		1352		8		0.05
          1095		1351		27		0.28
     *    1096		1350		15		0.14
     *    1097		1349		11		0.09
     *    1103		1152		29		0.30
     *    1104		1151		31		0.32
     *    1105		1150		35		0.36
     *    1106		1149		39		0.40
     *    1107		1148		28		0.29
          1108		1147		28		0.29
     *    1116		1141		24		0.25
     *    1117		1140		29		0.30
     *    1118		1139		17		0.17
          1119		1138		15		0.14
     *    1156		1343		7		0.04
          1157		1342		0		0.00
          1159		1341		0		0.00
          1160		1340		0		0.00
          1161		1339		0		0.00
          1162		1338		1		0.00
          1165		1337		0		0.00
          1166		1335		2		0.00
          1167		1331		0		0.00
          1168		1329		2		0.00
          1169		1328		0		0.00
          1171		1326		0		0.00
          1172		1325		2		0.00
          1173		1324		2		0.00
          1174		1323		12		0.11
          1178		1219		0		0.00
          1179		1218		4		0.00
          1180		1217		16		0.16
          1181		1216		8		0.05
          1182		1215		11		0.09
          1183		1214		1		0.00
          1184		1193		2		0.00
          1185		1192		17		0.17
     *    1186		1191		14		0.13
          1196		1210		20		0.20
          1197		1209		16		0.16
          1198		1208		14		0.13
     *    1199		1207		9		0.07
     *    1225		1318		6		0.03
     *    1226		1317		20		0.20
     *    1227		1316		24		0.25
     *    1228		1315		31		0.32
          1271		1283		23		0.24
          1272		1282		31		0.32
          1289		1309		1		0.00
          1290		1308		14		0.13
          1291		1307		7		0.04
     *    1292		1306		18		0.18
     *    1293		1305		27		0.28
     *    1294		1304		23		0.24
     *    1295		1303		27		0.28
          1296		1302		27		0.28
     *    1376		1421		14		0.13
     *    1377		1420		26		0.27
     *    1378		1419		26		0.27
     *    1379		1418		32		0.33
     *    1380		1417		38		0.39
     *    1381		1416		29		0.30
     *    1429		1459		4		0.00
     *    1433		1455		6		0.03
     *    1434		1454		20		0.20
     *    1435		1453		14		0.13
     *    1436		1452		23		0.24
     *    1437		1451		21		0.21
     *    1438		1450		27		0.28
     *    1439		1449		27		0.28
     *    1440		1448		26		0.27
     *    1475		1498		11		0.09
     *    1476		1497		20		0.20
     *    1477		1496		20		0.20
     *    1478		1495		17		0.17
     *    1479		1494		19		0.19
     *    1480		1493		28		0.29
          1481		1492		22		0.23
          1482		1491		16		0.16
          1528		1714		1		0.00
          1529		1713		6		0.03
          1531		1710		0		0.00
          1532		1709		0		0.00
          1534		1707		0		0.00
          1536		1704		9		0.07
          1537		1703		4		0.00
          1538		1702		1		0.00
          1539		1701		5		0.01
          1540		1700		2		0.00
          1541		1699		11		0.09
          1542		1698		16		0.16
          1543		1697		2		0.00
          1546		1694		4		0.00
          1547		1693		1		0.00
     *    1548		1692		21		0.21
          1549		1691		21		0.21
          1550		1690		24		0.25
     *    1551		1689		20		0.20
          1552		1688		17		0.17
          1553		1687		27		0.28
          1555		1686		23		0.24
     *    1556		1685		23		0.24
          1557		1684		18		0.18
          1558		1683		15		0.14
     *    1559		1682		13		0.12
          1560		1681		2		0.00
          1561		1680		2		0.00
          1562		1679		7		0.04
     *    1565		1678		17		0.17
          1566		1677		23		0.24
     *    1568		1675		27		0.28
     *    1569		1674		25		0.26
          1721		1744		8		0.05
          1722		1743		14		0.13
          1723		1742		15		0.14
          1724		1741		1		0.00
          1725		1740		22		0.23
          1726		1739		15		0.14
          1727		1738		8		0.05
          1728		1737		13		0.12
          1729		1736		0		0.00
          1730		1735		5		0.01
#
# BPAIRS 366
# avg substitutions per BP  11.1
# BPAIRS expected to covary 36.8 +/- 5.3
# BPAIRS observed to covary 118
#
