# R-scape :: RNA Structural Covariation Above Phylogenetic Expectation
# R-scape 1.5.16 elenarivas@fas.harvard.edu (August 2020)
# Copyright (C) 2016-2019 Howard Hughes Medical Institute.
# Freely distributed under the GNU General Public License (GPLv3).
#-------------------------------------------------------------------------------------------------------
# MSA RF02541_LSU_rRNA_bacteria nseq 102 (102) alen 3007 (5241) avgid 69.09 (68.27) nbpairs 846 (846)
# Two-set statistical test (one test for annotated basepairs, another for all other pairs)
#
#
# Method Target_E-val [cov_min,cov_max] [FP | TP True Found | Sen PPV F] 
# GTp    0.05         [-9.78,259.82]     [22 | 522 846 544 | 61.70 95.96 75.11] 
#
#       left_pos       right_pos        score          E-value       substitutions      power
#-------------------------------------------------------------------------------------------------------
*	    2896	    2912	259.81838	7.60361e-21	90		0.73
*	    2142	    2294	248.31759	8.72359e-20	93		0.74
*	    1952	    2058	247.89339	9.58176e-20	92		0.74
*	      52	     849	247.10002	1.15596e-19	82		0.69
*	    3484	    3495	245.13206	1.76323e-19	78		0.67
*	    4505	    4519	243.83920	2.22933e-19	90		0.73
*	    4849	    5007	239.94237	5.18632e-19	78		0.67
*	    4918	    4928	238.56400	6.87192e-19	96		0.75
*	    2955	    2963	238.01193	7.91016e-19	68		0.61
*	    4895	    4952	235.56405	1.32506e-18	85		0.70
*	    3685	    3698	235.45216	1.32506e-18	78		0.67
*	    2808	    2857	232.98375	2.21957e-18	83		0.69
*	    1854	    1863	230.56873	3.71778e-18	74		0.65
*	     619	     764	230.57175	3.71778e-18	108		0.80
*	    1810	    1839	230.03682	4.27932e-18	85		0.70
*	    2141	    2295	229.52393	4.70005e-18	78		0.67
*	    4672	    4699	228.34176	5.94179e-18	90		0.73
*	    4504	    4520	227.10198	7.8721e-18	70		0.62
*	     958	    1601	227.15607	7.8721e-18	92		0.74
*	     618	     765	227.06258	7.8721e-18	103		0.78
*	    3645	    4180	226.46873	9.06098e-18	60		0.56
*	    2139	    2297	225.40470	1.093e-17	105		0.79
*	     161	     334	225.57733	1.093e-17	102		0.78
*	    1651	    1763	225.23237	1.14546e-17	66		0.60
*	    4220	    4231	223.89486	1.51754e-17	65		0.59
*	    1666	    1686	223.48301	1.6667e-17	80		0.68
*	    4759	    4771	222.35338	2.10694e-17	56		0.53
*	    4496	    4549	221.95525	2.31403e-17	62		0.57
*	      50	     851	222.04987	2.31403e-17	64		0.59
*	      51	     850	220.57821	3.06559e-17	78		0.67
*	    5162	    5206	219.66937	3.69778e-17	84		0.70
*	    2895	    2913	218.38912	4.89864e-17	81		0.68
*	    2140	    2296	217.98763	5.38005e-17	99		0.76
*	     685	     702	217.22619	6.19228e-17	88		0.72
*	    1798	    1882	216.82312	6.80078e-17	73		0.64
*	    4847	    5009	215.87947	8.20303e-17	71		0.63
*	    4487	    4593	213.25731	1.43947e-16	80		0.68
*	    3035	    3055	213.19166	1.43947e-16	79		0.67
*	    3217	    3235	212.37964	1.73623e-16	93		0.74
*	    3684	    3699	211.86848	1.90681e-16	70		0.62
*	    1632	    2873	210.75826	2.41022e-16	52		0.50
*	     424	     452	210.96025	2.41022e-16	85		0.70
*	    4264	    4651	210.04255	2.90704e-16	50		0.49
*	    4674	    4697	209.80855	3.04649e-16	83		0.69
*	     683	     703	209.51864	3.19263e-16	90		0.73
*	    1935	    1942	209.08024	3.50626e-16	56		0.53
*	    1951	    2059	208.01298	4.43181e-16	85		0.70
*	    4217	    4234	207.42254	4.86714e-16	72		0.64
*	    3210	    3387	207.63534	4.86714e-16	99		0.76
*	    3038	    3053	207.45902	4.86714e-16	75		0.65
*	    3516	    4196	206.88083	5.60161e-16	56		0.53
*	    1817	    1831	206.20778	6.44687e-16	73		0.64
*	    1819	    1829	205.51132	7.41966e-16	96		0.75
*	    1818	    1830	205.07633	8.14841e-16	103		0.78
*	    2894	    2914	204.69076	8.94873e-16	74		0.65
*	     818	     829	203.47993	1.13104e-15	65		0.59
*	    5174	    5191	202.77441	1.30168e-15	82		0.69
*	     952	    1607	202.12022	1.49807e-15	71		0.63
*	    3518	    4194	202.07129	1.5699e-15	47		0.46
*	    1853	    1864	201.48800	1.72407e-15	81		0.68
*	    1966	    2043	201.28321	1.80674e-15	108		0.80
*	    1646	    1767	200.60962	2.0793e-15	92		0.74
*	    4332	    4348	198.77318	3.02435e-15	97		0.76
*	    1851	    1866	198.98163	3.02435e-15	86		0.71
*	     162	     332	198.42947	3.32131e-15	86		0.71
*	    4497	    4548	198.30351	3.48054e-15	54		0.52
*	    1934	    1943	196.99887	4.39879e-15	72		0.64
*	    2897	    2911	196.93197	4.60967e-15	73		0.64
*	    5134	    5219	196.04522	5.55923e-15	66		0.60
*	    2312	    2788	195.93184	5.55923e-15	85		0.70
*	     466	     480	194.55171	7.36248e-15	62		0.57
*	    1848	    1868	194.35748	7.7154e-15	84		0.70
*	    1643	    1770	194.40441	7.7154e-15	81		0.68
*	    2118	    2309	193.51875	9.3045e-15	85		0.70
*	    4865	    4888	192.84220	1.07076e-14	71		0.63
*	    4965	    4986	192.62181	1.12208e-14	46		0.46
*	    2078	    2085	192.63852	1.12208e-14	72		0.64
*	     687	     701	192.68977	1.12208e-14	84		0.70
*	    5138	    5150	192.40595	1.17586e-14	52		0.50
*	    3644	    4181	192.20756	1.23222e-14	59		0.55
*	    2928	    3479	192.32613	1.23222e-14	52		0.50
*	     158	     337	191.06929	1.5572e-14	77		0.66
*	    4322	    4355	190.77905	1.71003e-14	78		0.67
*	     678	     731	190.50827	1.79199e-14	93		0.74
*	    4911	    4938	189.55591	2.16099e-14	66		0.60
*	      93	     132	189.25105	2.26454e-14	61		0.57
*	    4498	    4547	188.85259	2.48678e-14	52		0.50
*	    1967	    2041	188.99542	2.48678e-14	94		0.74
*	    5177	    5187	188.34391	2.73082e-14	84		0.70
*	     617	     766	188.39113	2.73082e-14	95		0.75
*	    1968	    2040	188.28449	2.86168e-14	96		0.75
*	     159	     336	188.22684	2.86168e-14	82		0.69
*	    4727	    4780	187.79519	3.1425e-14	62		0.57
*	    1933	    1944	187.77605	3.1425e-14	46		0.46
*	    2898	    2910	187.23807	3.45087e-14	68		0.61
*	    2943	    2966	187.01067	3.61622e-14	57		0.54
*	      53	     848	185.96011	4.56965e-14	77		0.66
*	      94	     131	185.39025	5.25844e-14	87		0.71
*	    4336	    4343	184.65465	6.05102e-14	84		0.70
*	    2314	    2785	183.09365	8.39626e-14	65		0.59
*	    1648	    1766	182.94827	8.79848e-14	88		0.72
*	     342	     409	182.57270	9.21995e-14	88		0.72
*	     346	     406	182.63312	9.21995e-14	88		0.72
*	    2316	    2783	181.46713	1.16501e-13	106		0.79
*	     783	     806	181.49681	1.16501e-13	61		0.57
*	    1953	    2057	181.44728	1.22082e-13	79		0.67
*	    3216	    3236	180.86240	1.34057e-13	68		0.61
*	    5139	    5149	179.43290	1.86001e-13	79		0.67
*	    3209	    3388	179.37876	1.86001e-13	98		0.76
*	    3218	    3234	179.38103	1.86001e-13	74		0.65
*	    1649	    1765	179.09856	1.94909e-13	75		0.65
*	    1805	    1875	178.43178	2.24275e-13	66		0.60
*	    2072	    2092	178.21979	2.35015e-13	101		0.77
*	    2137	    2298	178.07985	2.4627e-13	63		0.58
*	    1786	    1907	176.40028	3.41674e-13	69		0.62
*	    4581	    4590	176.06724	3.75178e-13	55		0.53
*	    4218	    4233	176.11219	3.75178e-13	60		0.56
*	    4848	    5008	175.69351	3.93143e-13	62		0.57
*	      54	     847	174.93184	4.74021e-13	89		0.72
*	    1988	    2021	174.35796	5.45419e-13	58		0.55
*	       6	    5235	173.82481	5.98895e-13	66		0.60
*	    4301	    4378	173.21224	6.89094e-13	95		0.75
*	    3247	    3320	173.14186	6.89094e-13	75		0.65
*	    3248	    3319	172.89658	7.22083e-13	89		0.72
*	     103	     117	172.92989	7.22083e-13	83		0.69
*	    4242	    4833	172.28257	8.30829e-13	64		0.59
*	    3059	    3451	172.02544	8.70601e-13	81		0.68
*	    5133	    5220	170.07822	1.32609e-12	59		0.55
*	    4506	    4518	169.81384	1.38956e-12	56		0.53
*	    4331	    4349	169.85176	1.38956e-12	65		0.59
*	    4243	    4832	169.27838	1.52576e-12	53		0.51
*	     957	    1602	168.69711	1.75547e-12	54		0.52
*	    2941	    2968	168.38219	1.83949e-12	54		0.52
~	    4536	    4595	208.86483	1.9626e-12	64		0.59
*	    4894	    4953	167.83007	2.11642e-12	60		0.56
*	    4408	    4418	167.27623	2.32383e-12	67		0.61
*	     671	     737	167.18863	2.43503e-12	98		0.76
*	    4917	    4929	166.64157	2.67365e-12	93		0.74
*	    3066	    3442	166.70169	2.67365e-12	93		0.74
*	    3070	    3441	166.73664	2.67365e-12	105		0.79
*	    1629	    2876	166.63702	2.67365e-12	48		0.47
*	    1667	    1685	166.61845	2.67365e-12	84		0.70
*	      27	     935	166.73752	2.67365e-12	70		0.62
*	     160	     335	166.43814	2.80159e-12	57		0.54
*	      49	     852	166.23493	2.93564e-12	60		0.56
*	    1804	    1876	166.13205	3.07611e-12	70		0.62
*	    3268	    3297	165.49855	3.37753e-12	84		0.70
*	    4857	    4997	165.44024	3.53913e-12	65		0.59
*	    2828	    2837	165.11354	3.70846e-12	66		0.60
*	    3269	    3296	164.86036	3.8859e-12	82		0.69
*	      95	     130	165.03644	3.8859e-12	50		0.49
*	     340	     413	164.61936	4.07182e-12	50		0.49
*	    3060	    3450	164.36057	4.47075e-12	83		0.69
*	    2188	    2242	164.31539	4.47075e-12	38		0.39
*	    4673	    4698	163.80556	4.90876e-12	44		0.44
*	    3730	    4088	163.62751	5.1436e-12	62		0.57
*	    5176	    5188	163.14719	5.64749e-12	61		0.57
*	    4758	    4772	162.95471	5.91766e-12	34		0.35
*	    5161	    5208	162.79149	6.20074e-12	54		0.52
*	    4919	    4927	162.31418	6.80816e-12	64		0.59
*	    2315	    2784	162.09512	7.13382e-12	90		0.73
*	    3211	    3386	161.33884	8.20725e-12	89		0.72
*	    4582	    4589	160.62270	9.44213e-12	54		0.52
*	    3187	    3420	160.46023	9.89373e-12	70		0.62
*	    1816	    1832	160.18073	1.03669e-11	50		0.49
*	    5163	    5205	160.12482	1.08627e-11	52		0.50
*	     527	     601	159.99567	1.08627e-11	81		0.68
*	    4335	    4344	159.66693	1.19266e-11	92		0.74
*	     782	     807	159.61402	1.19266e-11	55		0.53
*	     679	     730	159.51749	1.19266e-11	83		0.69
*	    3543	    3563	158.64074	1.4377e-11	46		0.46
*	    2822	    2845	158.47455	1.50645e-11	66		0.60
*	    4405	    4420	158.31167	1.57848e-11	84		0.70
*	    2193	    2216	158.08375	1.65396e-11	43		0.43
*	    2000	    2010	157.76974	1.73305e-11	77		0.66
*	     816	     831	157.83693	1.73305e-11	47		0.46
*	     528	     600	157.88697	1.73305e-11	90		0.73
*	     349	     403	157.42387	1.90275e-11	83		0.69
*	    2119	    2308	157.20377	1.99373e-11	76		0.66
*	     102	     118	156.85708	2.08905e-11	69		0.62
*	    3240	    3334	156.80836	2.18894e-11	79		0.67
*	    4333	    4346	156.34581	2.40325e-11	93		0.74
*	    4219	    4232	156.37383	2.40325e-11	38		0.39
*	    4290	    4389	155.32864	2.89685e-11	90		0.73
*	    1852	    1865	155.06646	3.03534e-11	86		0.71
*	    4409	    4417	154.98835	3.18044e-11	61		0.57
*	    1965	    2044	155.04498	3.18044e-11	79		0.67
*	      28	     933	154.86270	3.18044e-11	52		0.50
*	    4398	    4424	154.49038	3.49178e-11	92		0.74
*	    3748	    4073	154.46434	3.49178e-11	78		0.67
*	    3676	    3708	154.12169	3.83359e-11	48		0.47
*	    3648	    4177	152.75675	5.07306e-11	66		0.60
*	     350	     402	152.69450	5.07306e-11	75		0.65
*	     344	     407	152.31996	5.56956e-11	78		0.67
*	    5140	    5148	152.09969	5.83574e-11	42		0.42
*	    3061	    3447	151.53874	6.40685e-11	81		0.68
*	    2121	    2307	151.34790	6.71303e-11	51		0.50
*	     425	     451	151.24608	7.03383e-11	57		0.54
*	    1641	    1771	150.49093	8.09114e-11	74		0.65
*	     714	     726	150.53658	8.09114e-11	63		0.58
*	      57	     416	150.26790	8.47776e-11	40		0.41
*	     819	     828	149.71331	9.75199e-11	49		0.48
*	    1820	    1828	149.37464	1.02179e-10	49		0.48
*	    3208	    3390	149.24151	1.07061e-10	93		0.74
*	    3267	    3298	149.23561	1.07061e-10	91		0.73
*	     163	     331	149.21556	1.07061e-10	74		0.65
*	    2829	    2836	148.79830	1.17536e-10	67		0.61
*	    1925	    2795	148.75949	1.17536e-10	53		0.51
*	    2823	    2844	147.33806	1.55515e-10	86		0.71
*	    2318	    2781	147.08894	1.62944e-10	69		0.62
*	     531	     598	146.72758	1.78882e-10	89		0.72
*	    2807	    2858	146.41208	1.87426e-10	71		0.63
*	    3270	    3295	145.92603	2.15585e-10	73		0.64
*	    3570	    3624	145.59857	2.25882e-10	100		0.77
*	    4607	    4628	145.19822	2.47973e-10	50		0.49
*	    3266	    3299	145.04849	2.59815e-10	82		0.69
*	    3743	    4078	144.02319	3.13114e-10	59		0.55
*	     164	     330	143.47201	3.60144e-10	94		0.74
*	    3515	    4197	142.89490	3.95356e-10	68		0.61
*	    2173	    2262	142.24916	4.54731e-10	80		0.68
*	    3569	    3625	141.98842	4.76441e-10	87		0.71
*	      55	     845	142.05965	4.76441e-10	45		0.45
*	       2	    5238	141.93713	4.99186e-10	54		0.52
*	    3673	    3711	141.88513	4.99186e-10	51		0.50
*	    3194	    3407	141.53750	5.23017e-10	48		0.47
*	     953	    1606	141.41030	5.47985e-10	42		0.42
*	    4282	    4434	140.73234	6.30266e-10	77		0.66
*	    3542	    3564	140.79552	6.30266e-10	38		0.39
*	     658	     752	140.80787	6.30266e-10	103		0.78
*	    3520	    4192	140.56314	6.6035e-10	46		0.46
*	     670	     738	140.50178	6.6035e-10	94		0.74
*	    1785	    1908	140.23684	6.9187e-10	32		0.33
*	    3196	    3404	139.11979	8.73508e-10	48		0.47
*	    2990	    3023	138.81189	9.58871e-10	80		0.68
*	    3508	    4201	138.41487	1.05257e-09	36		0.37
*	    2172	    2263	138.13933	1.1028e-09	78		0.67
*	     519	     836	137.45209	1.26832e-09	40		0.41
*	     659	     751	137.39864	1.26832e-09	89		0.72
*	    4296	    4383	136.97106	1.39223e-09	93		0.74
*	    3064	    3445	136.86893	1.39223e-09	96		0.75
*	     488	     509	136.84223	1.45866e-09	52		0.50
*	    5015	    5122	136.43440	1.52825e-09	54		0.52
*	     423	     453	136.55985	1.52825e-09	67		0.61
*	    2942	    2967	136.38880	1.60116e-09	40		0.41
*	    1644	    1769	135.49973	1.92926e-09	88		0.72
*	     427	     449	135.52050	1.92926e-09	55		0.53
*	    3517	    4195	134.96059	2.1177e-09	47		0.46
*	    1698	    1703	134.85944	2.21871e-09	43		0.43
*	    4300	    4379	134.49340	2.32454e-09	100		0.77
*	    2824	    2843	134.59981	2.32454e-09	96		0.75
*	    5175	    5189	134.26397	2.43541e-09	65		0.59
*	    4397	    4425	134.17070	2.55156e-09	62		0.57
*	    3065	    3443	133.68809	2.80074e-09	101		0.77
*	    1801	    1879	133.72589	2.80074e-09	39		0.40
*	    5016	    5121	133.39546	2.93431e-09	68		0.61
*	    3672	    3712	133.49318	2.93431e-09	30		0.31
*	    1926	    2794	133.39898	2.93431e-09	37		0.38
*	    2313	    2787	132.66357	3.37443e-09	82		0.69
*	      26	     936	132.27205	3.70391e-09	68		0.61
*	     341	     411	132.23556	3.70391e-09	52		0.50
*	    4407	    4419	132.02885	3.88052e-09	41		0.41
*	    2001	    2009	132.00136	3.88052e-09	54		0.52
*	     532	     597	131.78880	4.06554e-09	94		0.74
*	    4614	    4623	130.89527	4.89808e-09	54		0.52
*	    4334	    4345	130.81184	5.13158e-09	78		0.67
*	    2074	    2089	130.48109	5.3762e-09	75		0.65
*	    1948	    2062	129.10538	7.10903e-09	49		0.48
*	    4266	    4647	128.88303	7.44784e-09	9		0.07
*	    2813	    2851	128.98775	7.44784e-09	66		0.60
*	    4289	    4390	128.76594	7.80279e-09	84		0.70
*	    3717	    4167	128.41576	8.5642e-09	35		0.36
*	    2916	    3502	128.38107	8.5642e-09	41		0.41
*	    4671	    4700	127.98111	9.39985e-09	32		0.33
*	    4278	    4438	127.79191	9.39985e-09	25		0.26
*	    3646	    4179	127.40249	1.0317e-08	28		0.29
*	    1660	    1692	127.18634	1.08086e-08	29		0.30
*	      30	     932	127.16382	1.08086e-08	59		0.55
*	    5164	    5204	127.02049	1.13235e-08	43		0.43
*	       3	    5237	126.67002	1.1863e-08	50		0.49
*	    2998	    3013	126.44854	1.24282e-08	41		0.41
*	    1788	    1906	126.54801	1.24282e-08	72		0.64
*	    5137	    5151	126.36094	1.30203e-08	34		0.35
*	    3195	    3405	126.12721	1.36405e-08	39		0.40
*	    3347	    3366	125.44508	1.56841e-08	83		0.69
*	    3219	    3233	125.12184	1.64312e-08	70		0.62
*	    2806	    2859	125.27940	1.64312e-08	46		0.46
*	    2317	    2782	125.08486	1.72138e-08	83		0.69
*	    4564	    4571	124.02787	2.07348e-08	38		0.39
*	    4274	    4443	123.86835	2.17222e-08	51		0.50
*	    4298	    4381	123.97538	2.17222e-08	97		0.76
*	    1778	    1918	123.84432	2.17222e-08	29		0.30
*	    4959	    4992	123.67425	2.27566e-08	46		0.46
*	    3256	    3312	123.36371	2.38402e-08	65		0.59
*	     467	     479	123.51397	2.38402e-08	35		0.36
*	    1640	    1772	123.25038	2.49754e-08	38		0.39
*	     667	     740	123.33204	2.49754e-08	95		0.75
*	    5135	    5218	122.99391	2.61646e-08	65		0.59
*	    2927	    3480	121.97279	3.30147e-08	55		0.53
*	    3179	    3429	121.88055	3.30147e-08	63		0.58
*	    4675	    4696	121.65163	3.45863e-08	34		0.35
*	    4613	    4624	120.65426	4.3639e-08	26		0.27
*	    4563	    4572	120.57580	4.3639e-08	30		0.31
*	    4302	    4377	120.42578	4.57159e-08	72		0.64
*	    2997	    3015	120.24349	4.57159e-08	36		0.37
*	    4866	    4887	120.01274	4.78914e-08	46		0.46
*	     689	     700	120.03213	4.78914e-08	83		0.69
*	     610	     775	119.56500	5.25578e-08	60		0.56
*	     668	     739	119.57183	5.25578e-08	95		0.75
*	    4909	    4940	119.52916	5.50587e-08	39		0.40
*	     533	     596	119.31955	5.76784e-08	95		0.75
*	    1665	    1687	118.91282	6.04227e-08	57		0.54
*	    4462	    4484	118.73746	6.32975e-08	21		0.21
*	    3058	    3452	118.47863	6.63089e-08	44		0.44
*	    1964	    2047	118.36055	6.94634e-08	104		0.78
*	     351	     401	118.19407	7.27679e-08	57		0.54
*	    2175	    2260	117.86249	7.62294e-08	88		0.72
*	      68	     137	117.79018	7.62294e-08	26		0.27
*	    1950	    2060	117.64110	7.98554e-08	57		0.54
*	    3178	    3430	117.41683	8.36537e-08	79		0.67
*	    3506	    4203	116.95446	9.18004e-08	24		0.25
*	       1	    5239	116.40966	1.0553e-07	67		0.61
*	      23	     939	116.08074	1.10548e-07	69		0.62
*	    4844	    5012	115.55804	1.27079e-07	40		0.41
*	    3514	    4198	115.54734	1.27079e-07	51		0.50
*	    2809	    2856	115.49732	1.27079e-07	84		0.70
*	      47	     853	115.29218	1.33121e-07	40		0.41
*	     657	     753	114.91322	1.3945e-07	85		0.70
*	    2143	    2293	114.49247	1.53023e-07	40		0.41
*	    1999	    2011	114.44659	1.60297e-07	51		0.50
*	    1989	    2020	114.21090	1.67917e-07	51		0.50
*	    4299	    4380	113.29482	2.02187e-07	92		0.74
*	     616	     767	113.05603	2.11796e-07	68		0.61
*	    3594	    3602	112.52087	2.32402e-07	83		0.69
*	    1650	    1764	112.51304	2.32402e-07	74		0.65
*	    2981	    3453	112.44295	2.43444e-07	68		0.61
*	    4281	    4435	111.62628	2.79816e-07	37		0.38
*	    2069	    2094	111.58725	2.79816e-07	41		0.41
*	    1959	    2055	111.28294	3.07032e-07	56		0.53
*	    2174	    2261	110.67033	3.52893e-07	83		0.69
~	    2977	    3056	151.07310	3.75693e-07	32		0.33
*	    2177	    2257	110.19903	3.87207e-07	72		0.64
*	    2814	    2850	109.60055	4.24854e-07	46		0.46
*	    4251	    4823	109.37416	4.45027e-07	31		0.32
*	    3541	    3565	109.25203	4.66156e-07	58		0.55
*	    3201	    3398	108.52318	5.3575e-07	84		0.70
*	    3348	    3365	108.49189	5.3575e-07	85		0.70
*	     784	     805	108.67168	5.3575e-07	64		0.59
*	    2122	    2306	107.36300	6.75549e-07	31		0.32
*	    3592	    3604	107.33389	7.07608e-07	68		0.61
*	     620	     763	107.19047	7.07608e-07	93		0.74
*	    3037	    3054	107.03629	7.41186e-07	26		0.27
*	    1850	    1867	106.64178	8.13192e-07	54		0.52
*	     959	    1600	106.48071	8.13192e-07	65		0.59
*	    3257	    3311	106.24188	8.92184e-07	87		0.71
*	    2810	    2855	105.92994	9.34508e-07	98		0.76
*	    3215	    3237	105.65750	9.78838e-07	39		0.40
*	    1799	    1881	105.22498	1.0739e-06	35		0.36
*	    4293	    4386	104.06748	1.35385e-06	78		0.67
*	    3593	    3603	103.63959	1.48527e-06	74		0.65
*	    4238	    4837	102.41636	1.96101e-06	26		0.27
*	    3521	    4191	102.38104	1.96101e-06	56		0.53
*	    3199	    3400	102.32099	1.96101e-06	61		0.57
*	    3185	    3422	102.03512	2.15126e-06	26		0.27
*	    3062	    3446	101.69286	2.25319e-06	96		0.75
*	    1791	    1904	101.80701	2.25319e-06	34		0.35
*	     715	     725	101.52141	2.35995e-06	26		0.27
*	     661	     750	100.95815	2.58884e-06	106		0.79
*	    2165	    2269	100.49462	2.83991e-06	26		0.27
*	    3568	    3626	100.26525	2.97441e-06	34		0.35
*	    5017	    5120	99.85434	3.2628e-06	61		0.57
*	     788	     801	100.01721	3.2628e-06	39		0.40
*	    4858	    4996	99.61168	3.41731e-06	43		0.43
*	    3519	    4193	99.59831	3.41731e-06	25		0.26
*	    2073	    2090	99.11962	3.92603e-06	55		0.53
*	    4261	    4653	98.78760	4.11189e-06	36		0.37
*	    1790	    1905	98.91240	4.11189e-06	30		0.31
*	    2145	    2292	98.57816	4.30652e-06	28		0.29
*	     787	     802	98.10822	4.72382e-06	44		0.44
*	    4856	    4998	97.87915	4.94738e-06	35		0.36
*	    4246	    4830	97.99459	4.94738e-06	32		0.33
*	    2825	    2842	97.50055	5.42666e-06	94		0.74
*	    2805	    2860	97.20414	5.68342e-06	27		0.28
*	    4297	    4382	96.74195	6.23388e-06	97		0.76
*	      10	    5230	96.06038	7.16094e-06	81		0.68
*	    3629	    3634	96.13775	7.16094e-06	41		0.41
*	    2930	    3477	96.21932	7.16094e-06	55		0.53
*	    1990	    2019	95.30892	8.61449e-06	57		0.54
*	    1630	    2875	95.12336	9.02174e-06	10		0.08
*	    3485	    3494	94.81590	9.44821e-06	57		0.54
~	    4537	    4594	135.56391	9.83542e-06	39		0.40
*	    4291	    4388	94.69285	9.8948e-06	76		0.66
*	    2827	    2838	94.25629	1.08522e-05	74		0.65
*	    5136	    5152	93.94825	1.1365e-05	39		0.40
*	    3246	    3321	93.92970	1.1365e-05	68		0.61
~	     704	     723	134.71344	1.18506e-05	70		0.62
*	    2319	    2780	93.22475	1.30532e-05	66		0.60
*	    1971	    2037	92.90125	1.43155e-05	61		0.57
*	    3755	    4065	92.70161	1.49916e-05	46		0.46
*	    3186	    3421	92.70231	1.49916e-05	55		0.53
*	    3345	    3370	92.43955	1.56996e-05	73		0.64
*	      25	     937	92.06598	1.64409e-05	30		0.31
*	    4893	    4954	92.03372	1.72172e-05	20		0.20
*	    1963	    2048	91.81988	1.80301e-05	106		0.79
*	     786	     803	91.51054	1.88812e-05	68		0.61
*	    1932	    1945	91.26417	1.97725e-05	22		0.23
*	    2070	    2093	90.86276	2.16829e-05	30		0.31
*	    3544	    3562	90.44168	2.37775e-05	22		0.23
*	    3346	    3368	90.47247	2.37775e-05	68		0.61
*	    3591	    3605	89.88735	2.6074e-05	66		0.60
*	     817	     830	89.89969	2.6074e-05	36		0.37
*	    1613	    1628	89.55506	2.85917e-05	19		0.19
*	    4864	    4889	89.38618	2.99401e-05	43		0.43
~	      75	     115	130.35398	3.00843e-05	57		0.54
*	    1633	    2871	88.96750	3.1352e-05	34		0.35
*	    2123	    2305	88.56229	3.43781e-05	30		0.31
*	    1976	    2032	87.08241	4.7454e-05	25		0.26
*	    2171	    2264	86.84018	4.96893e-05	60		0.56
*	     899	     907	86.56780	5.20296e-05	20		0.20
*	     706	     712	86.53659	5.20296e-05	20		0.20
*	    4244	    4831	85.62774	6.25431e-05	54		0.52
*	    3674	    3710	85.62068	6.25431e-05	22		0.23
*	    3188	    3419	85.73920	6.25431e-05	39		0.40
*	    4295	    4384	85.42288	6.54871e-05	68		0.61
*	    3643	    4182	85.59417	6.54871e-05	25		0.26
*	    4867	    4886	85.14449	7.17962e-05	28		0.29
*	    4605	    4630	85.12795	7.17962e-05	20		0.20
~	     825	    4617	125.77741	7.63277e-05	33		0.34
~	    4307	    4366	125.73284	7.99636e-05	34		0.35
*	    4330	    4350	84.45810	8.24142e-05	73		0.64
*	    1717	    1731	84.23902	8.62906e-05	23		0.24
*	    5167	    5200	83.47914	9.90454e-05	25		0.26
*	      97	     128	83.22258	0.000103702	24		0.25
*	    2187	    2243	81.98193	0.000136597	14		0.13
*	    1969	    2039	81.87866	0.000136597	29		0.30
*	    4724	    4783	81.69990	0.000143013	29		0.30
*	    3749	    4072	81.04530	0.000164118	63		0.58
*	     489	     508	81.15002	0.000164118	74		0.65
*	    4503	    4521	80.84525	0.000171822	40		0.41
*	    3193	    3408	80.39567	0.000188327	40		0.41
*	    3719	    4165	79.95840	0.000206413	12		0.11
*	    2223	    2238	79.71087	0.000216095	15		0.14
*	    3207	    3391	79.57168	0.000226229	77		0.66
*	      39	     886	79.33629	0.000236837	20		0.20
*	    1985	    2024	79.11944	0.00024794	54		0.52
*	    3071	    3440	78.83029	0.000259562	96		0.75
~	    2945	    2963	119.34822	0.000294081	67		0.61
~	    2945	    2955	119.34822	0.000294081	67		0.61
*	    2130	    2299	78.12330	0.000297788	28		0.29
*	    1639	    1773	78.16653	0.000297788	21		0.21
*	     900	     906	77.87546	0.000311737	21		0.21
*	    1809	    1840	77.59260	0.00034162	22		0.23
*	     677	     732	77.43139	0.00034162	44		0.44
*	    3200	    3399	77.28866	0.000357614	44		0.44
*	     672	     736	77.19694	0.000357614	38		0.39
*	       9	    5231	77.01797	0.000374355	32		0.33
*	    4485	    4637	77.02324	0.000374355	16		0.16
*	    3746	    4075	77.11000	0.000374355	32		0.33
*	    3754	    4066	77.05717	0.000374355	33		0.34
*	    4958	    4993	76.39115	0.000429406	91		0.73
*	    3731	    4087	76.34366	0.000429406	21		0.21
*	      92	     133	75.93617	0.000470515	24		0.25
*	    3214	    3238	75.76728	0.000492516	38		0.39
~	    1902	    4266	116.72688	0.000513646	6		0.03
*	    5170	    5195	75.47295	0.000515542	49		0.48
*	    2929	    3478	75.20020	0.000539639	18		0.18
*	    4681	    4690	75.09497	0.000564858	16		0.16
*	    3271	    3294	74.82845	0.000591251	48		0.47
*	    4316	    4372	74.44468	0.000647775	18		0.18
~	    1902	    4647	115.56059	0.000678759	11		0.09
*	    3726	    4094	73.54055	0.000777467	8		0.05
*	      32	     930	73.52110	0.000777467	16		0.16
*	    4896	    4951	72.40865	0.000976472	16		0.16
*	     950	    1609	72.04536	0.0010696	21		0.21
*	      56	     844	71.62778	0.00117156	19		0.19
*	    4720	    4791	71.32732	0.0012261	16		0.16
*	    4241	    4834	71.10893	0.00128318	16		0.16
*	    3647	    4178	71.01487	0.00128318	46		0.46
*	    5166	    5201	70.95810	0.00134289	67		0.61
*	    4315	    4373	70.16235	0.00153914	19		0.19
~	    1894	    1902	111.20571	0.00163993	12		0.11
*	    3650	    4173	69.68089	0.00168555	13		0.12
*	    3278	    3284	69.42896	0.00176387	22		0.23
*	     484	     841	69.61577	0.00176387	16		0.16
*	     665	     744	69.04167	0.00193153	98		0.76
*	    4736	    4749	68.82818	0.00202121	19		0.19
*	    1846	    1869	68.95766	0.00202121	31		0.32
~	    1894	    4647	110.06589	0.00206816	15		0.14
*	    4583	    4588	68.36700	0.00221316	22		0.23
*	    2944	    2965	68.45183	0.00221316	13		0.12
~	      80	     105	109.37089	0.00237699	51		0.50
*	     960	    1599	67.60097	0.00265306	93		0.74
*	      98	     127	67.49505	0.00265306	56		0.53
~	    1894	    4266	108.38176	0.00299739	10		0.08
*	    3566	    3628	66.83975	0.00303904	47		0.46
*	    4862	    4891	66.39470	0.00332684	30		0.31
*	    4802	    4816	66.17911	0.00348072	10		0.08
*	    1645	    1768	66.23989	0.00348072	41		0.41
*	     874	     879	66.26254	0.00348072	12		0.11
*	    1987	    2022	65.98272	0.00364167	41		0.41
*	    4915	    4931	65.66667	0.00381001	20		0.20
*	    4403	    4422	65.52224	0.00398606	80		0.68
*	    2885	    4205	65.27154	0.00417019	48		0.47
*	    4501	    4528	64.98409	0.00456413	17		0.17
 	     480	     830	105.94609	0.00499142	57		0.54
*	    3249	    3318	63.46262	0.0059812	93		0.74
~	    4305	    4341	105.05842	0.00600796	34		0.35
*	    4239	    4836	63.18782	0.00654441	22		0.23
*	     485	     512	62.86569	0.00684541	16		0.16
*	    4449	    4461	62.60379	0.00716012	15		0.14
*	    2877	    4211	62.59668	0.00716012	11		0.09
*	    3184	    3423	62.61964	0.00716012	62		0.57
~	    4305	    4338	104.17190	0.00723122	36		0.37
*	    4101	    4113	61.76361	0.00856873	12		0.11
*	    3550	    3555	61.55999	0.00896176	16		0.16
~	    4338	    4341	103.13843	0.00911567	34		0.35
*	     662	     749	61.30884	0.00937262	91		0.73
*	    4292	    4387	60.63734	0.0107203	59		0.55
*	    3651	    4172	60.60766	0.0107203	14		0.13
*	    2176	    2259	60.72357	0.0107203	47		0.46
*	    4404	    4421	60.38357	0.0112108	95		0.75
*	    4608	    4627	59.73136	0.0128192	17		0.17
~	    2225	    2226	101.20728	0.0132022	22		0.23
 	     466	     830	101.34148	0.0132022	57		0.54
*	    2991	    3021	59.57780	0.0134044	39		0.40
*	    1983	    2026	59.61622	0.0134044	12		0.11
*	    3722	    4096	59.28815	0.014016	4		0.00
*	     526	     602	59.26493	0.014016	21		0.21
*	      66	     139	59.33031	0.014016	18		0.18
*	    3265	    3300	58.66440	0.0160209	64		0.59
*	    1887	    1897	58.40454	0.01675	40		0.41
*	    1889	    1895	58.25017	0.0175119	22		0.23
*	    3686	    3697	57.80964	0.0191396	25		0.26
*	    1954	    2056	57.81500	0.0191396	89		0.72
~	    3661	    4798	99.12730	0.0209698	28		0.29
*	    2980	    3454	57.16469	0.0218642	24		0.25
*	    3736	    4084	56.23090	0.0260979	8		0.05
*	    1634	    2870	56.25988	0.0260979	10		0.08
*	    1984	    2025	56.22785	0.0260979	23		0.24
*	     486	     511	55.79701	0.028507	14		0.13
*	    3467	    3474	55.62828	0.029792	14		0.13
*	    2117	    2310	55.62145	0.029792	17		0.17
*	    3677	    3707	55.23792	0.0311339	12		0.11
*	       8	    5232	54.85889	0.0339977	12		0.11
*	    4284	    4432	53.54997	0.044224	15		0.14

# The given structure
# SS_cons {{{--{{{{{,,,,,,,,,,,{{{{{{{-{{{-----{{{,,,,{{{-{{{{{{{{[[,,
#
# SS_cons ,,,(-(((<<<___________>>>,,,,,,<<<<<<<--<<<_____________>>>-
#
# SS_cons ------>>>>>>>,,,)))-),,,<<<_______>>><<<<<<<________________
#
# SS_cons ____________________________________________________________
#
# SS_cons ____________________________________________________________
#
# SS_cons _____________________________>>>->>>>,,<<<-<-<--<<<<________
#
# SS_cons _______________________________________>>>>-->>->->->,]],,,,
#
# SS_cons ,<<<<<<------<<____>>------->>>>>->,,,,,,,,,,<<___________>>
#
# SS_cons ,,,{<<<<<-----<<_____>>---->>>>>,,,,[[[[,,,,<<<<--<<<_______
#
# SS_cons _______________________________________________________>>>->
#
# SS_cons >>>,,,,,,((-(--(((((----------------------------------(((((-
#
# SS_cons ((--(-((-(((----(((,,,<-<-<-<-<_______>>>>>,,<_____>,<<<____
#
# SS_cons ___>>>,,,)))---)))))---)----)))))))-------)))))-----))),,,,,
#
# SS_cons ,<<<<<<<<<________>>>>>>>>>,,,,,,,<<<<<________>>>>>,,]]]],,
#
# SS_cons },,}}-}}}}}}}-}},,,,,,,,,,,,,,,,<<____>>,,,,}},,,,,,,,,,<<<<
#
# SS_cons _____>>>>,,,,,,,,,,,,,}------}}}}-}}}}}},,,,,,,{,<<<<<<<<<<<
#
# SS_cons ____________________________________________________________
#
# SS_cons ____________________________________________________________
#
# SS_cons ____________________________________________________________
#
# SS_cons ____________________________________________________________
#
# SS_cons ____________________________________________________________
#
# SS_cons ____________________________________________________________
#
# SS_cons ____________________________________________________________
#
# SS_cons ____________________________________________________________
#
# SS_cons ____________________________________________________________
#
# SS_cons ____________________________________________________________
#
# SS_cons ______________________________________>>>>>>>>>>>,,,<<<<____
#
# SS_cons ____>>>>{{{{{{,,,,(((-((((-((((((,,,,,<<<<--<<<_____________
#
# SS_cons ____>>>-->>>>,,,<<____>>,,,,,,,,,<<<<<___________>>>>>,,,,,,
#
# SS_cons ,,,,,,,,,,,,,,,,,,,,))))))))))))),,,[[-[---[[[-[-[[,,,((((((
#
# SS_cons ((((((,<<<<---<<<<<<<_____>>>>>>>---->>>>,,,<<-<-<<<<<______
#
# SS_cons __>>>>>>>>,,)-))))))))))),<<<_____>>>,,,,,,]]]]]]------]-]],
#
# SS_cons ,[[[[[[,,,,<<<<<____>>>>>,<<<<<<<<----<--<<<<<<<<<<----<<<--
#
# SS_cons --<<<-<<<<----<<-<<<<<_____>>>>>->>--->>>>->>>-->>->---->>>>
#
# SS_cons >->>-->>>----->>>>>>>>->,,,<<<-<<<<<<<______>>>>>>->>>>,,,,,
#
# SS_cons <<<______>>>,,,((((-(((---(-((------(-(((((-(---------------
#
# SS_cons ----(((-((((((((((-------(((((,<<<--<<<_________>>>--->>><__
#
# SS_cons _><---<<______>>->,)))))-----------))-)))))))))))-----------
#
# SS_cons -----------))))))))))---)))))))<<<<<<<<_____________________
#
# SS_cons ____________________________________________________________
#
# SS_cons ____________________________________________________________
#
# SS_cons ____________________________________________________________
#
# SS_cons ____________________________________________________________
#
# SS_cons ____________________________________________________________
#
# SS_cons ____________________________________________________________
#
# SS_cons ____________________________________________________________
#
# SS_cons ___________________>>>>>>->>,,,,]]]]-]],<-<-<<<<<<-<<<------
#
# SS_cons <<<<<-<<<______>>>--->>>>>--->>>-->>>>>>>-->,,,,,}}-}}}}{{--
#
# SS_cons ----{{,,,,,,,<<<<<<_________>>>>>>{{{{,,,,,,,,{{{{,,{{,,,<<-
#
# SS_cons <<<<----------<<_____>>->>>>->>,,,,,,[[[[,,<<---<<<--<-<<<__
#
# SS_cons ____________>->>-->->->>---->>,,,,<-<<<<__________>>>>>,,(((
#
# SS_cons ((-(((---(((------------------------------------------------
#
# SS_cons ---------------------------------------------------------((-
#
# SS_cons ---((((((---((((--(((-----(((((,,<<<<<<_____________>>>>>>,<
#
# SS_cons <----<<<<-----<<<-------<<<<<<<-----<<_____>>-------->>>>>>>
#
# SS_cons ---------->>>---->>>>----------->>,,<<------<<<<<___________
#
# SS_cons ___>>>->->----->->,,,,,,,)))-))------)))---))-))---------)))
#
# SS_cons )))-----))--------)))))-)))--)))]]]],,}},,,,,<<______>>,}}}}
#
# SS_cons ,<<<<________>>>>,,}}}},,{{{{----{{{{{{{{-{{{,,,,,,,,,,,,,,,
#
# SS_cons <<<<<---<<____>>---->>>>><<<<<<----------------<<-<<<<______
#
# SS_cons _>>>>>>--------------->>>>>><____>,,,,,,,,[[[[[[[[[,,<<<____
#
# SS_cons _____>>>,,<<<<<<<<<---<<<<__________>>>>-->-->>>>>>>>,,((((,
#
# SS_cons <<<--<<<<<<<--<<<----<<-<<<<<<<--<<_________________________
#
# SS_cons ____________________________________________________________
#
# SS_cons ____________________________________________________________
#
# SS_cons ____________________________________________________________
#
# SS_cons ____________________________________________________________
#
# SS_cons ____________________________________________>>--->>>>>>>->>-
#
# SS_cons -->>>>>>>>-->>>>><<<<<<_______>>>>>><____>,,,,,<---------<<<
#
# SS_cons <<<_____>>>>>>>,,,,,,,,,)))),,,]]--]]]]]]],,,,}}}-}}}}}}}}-}
#
# SS_cons }}}}}----}}},,,,<<<<<________>>>>>,,{{{{{{{{-{{{-{{,,,,,,{{{
#
# SS_cons {-{{{{{{{,((((---(((((((,,<<<<<<<<<<<<<<<<<<---------<<<<<--
#
# SS_cons <<<------<<<<<<<<____>>>>>->>>--->>>------------->>>>>>>>>>>
#
# SS_cons >>>>>>>>>>>>,,,<<<----<<<-<<<_______>>>>>>->>>,,,,,)))))))--
#
# SS_cons --)))),,<<<<_____>>>><<<<<<___________>>>>>>{,[[,,,,,((((((<
#
# SS_cons <-<<<<<<_______>>>>>>------>><<______>>,,,,,,)))))),,,,<<<<<
#
# SS_cons <<<<______>>>>>>>>>,<<<____>>>,]],,,,,,,,,,<<<<<<<--<<______
#
# SS_cons __>>>>>>>>>,,,,,},,,,,,}}}}}--}}}}}},,,,,,,,<<<-<<<<<<<<---<
#
# SS_cons <________>>--->>>>>>>-->>>>,,,,,,,,,,(((((((((((,,<<-<<<<<<_
#
# SS_cons _____>>>>>>--->>,<<<<<_____>>>>>,,,,,,)))))--)--))))-),,,,,<
#
# SS_cons <<<<<<____>>>->>>>,,,,}-}--}}}}}}}}}}},,,,,(((((((-(---((((,
#
# SS_cons ,<<<<<<<________________>>>>>>><<<<<<---<<<-----<<<<<<<<<<<_
#
# SS_cons ______>>>>>>--->>>>>---->>>-->>>>>>,,<<<----<<<<<___________
#
# SS_cons _>>>>>---->>>,))))------)))))))),,<<<_______________________
#
# SS_cons ____________________________________________________________
#
# SS_cons ___________________>>>,,,,,(---((((<<<<<_______>>>>>,,,,<<<<
#
# SS_cons <<<<<<<--<--<<<<<_________>>>->>-->---->>>->>>->>->>>,,,,)))
#
# SS_cons )---),,,,}}}}-}-}}}::
#

# Power analysis of given structure 
#
# covary  left_pos      right_pos    substitutions      power
#----------------------------------------------------------------
     *    1		5239		67		0.61
     *    2		5238		54		0.52
     *    3		5237		50		0.49
     *    6		5235		66		0.60
          7		5233		10		0.08
     *    8		5232		12		0.11
     *    9		5231		32		0.33
     *    10		5230		81		0.68
          22		940		28		0.29
     *    23		939		69		0.62
          24		938		15		0.14
     *    25		937		30		0.31
     *    26		936		68		0.61
     *    27		935		70		0.62
     *    28		933		52		0.50
     *    30		932		59		0.55
          31		931		20		0.20
     *    32		930		16		0.16
          38		923		12		0.11
     *    39		886		20		0.20
          40		885		4		0.00
          45		856		2		0.00
          46		855		0		0.00
     *    47		853		40		0.41
     *    49		852		60		0.56
     *    50		851		64		0.59
     *    51		850		78		0.67
     *    52		849		82		0.69
     *    53		848		77		0.66
     *    54		847		89		0.72
     *    55		845		45		0.45
     *    56		844		19		0.19
     *    57		416		40		0.41
          58		415		6		0.03
          64		141		6		0.03
     *    66		139		18		0.18
          67		138		1		0.00
     *    68		137		26		0.27
          69		85		5		0.01
          70		84		0		0.00
          71		83		29		0.30
     *    92		133		24		0.25
     *    93		132		61		0.57
     *    94		131		87		0.71
     *    95		130		50		0.49
          96		129		4		0.00
     *    97		128		24		0.25
     *    98		127		56		0.53
          101		119		8		0.05
     *    102		118		69		0.62
     *    103		117		83		0.69
          145		157		19		0.19
          146		156		10		0.08
          147		155		6		0.03
     *    158		337		77		0.66
     *    159		336		82		0.69
     *    160		335		57		0.54
     *    161		334		102		0.78
     *    162		332		86		0.71
     *    163		331		74		0.65
     *    164		330		94		0.74
     *    340		413		50		0.49
     *    341		411		52		0.50
     *    342		409		88		0.72
     *    344		407		78		0.67
     *    346		406		88		0.72
     *    349		403		83		0.69
     *    350		402		75		0.65
     *    351		401		57		0.54
          352		400		19		0.19
          422		455		12		0.11
     *    423		453		67		0.61
     *    424		452		85		0.70
     *    425		451		57		0.54
          426		450		12		0.11
     *    427		449		55		0.53
          434		441		2		0.00
          435		440		1		0.00
     *    466		480		62		0.57
     *    467		479		35		0.36
     *    484		841		16		0.16
     *    485		512		16		0.16
     *    486		511		14		0.13
          487		510		16		0.16
     *    488		509		52		0.50
     *    489		508		74		0.65
          495		503		0		0.00
          496		502		37		0.38
          517		838		9		0.07
          518		837		0		0.00
     *    519		836		40		0.41
          520		835		4		0.00
          525		603		0		0.00
     *    526		602		21		0.21
     *    527		601		81		0.68
     *    528		600		90		0.73
     *    531		598		89		0.72
     *    532		597		94		0.74
     *    533		596		95		0.75
     *    610		775		60		0.56
          611		774		12		0.11
          613		773		11		0.09
     *    616		767		68		0.61
     *    617		766		95		0.75
     *    618		765		103		0.78
     *    619		764		108		0.80
     *    620		763		93		0.74
          655		755		91		0.73
          656		754		78		0.67
     *    657		753		85		0.70
     *    658		752		103		0.78
     *    659		751		89		0.72
     *    661		750		106		0.79
     *    662		749		91		0.73
     *    665		744		98		0.76
     *    667		740		95		0.75
     *    668		739		95		0.75
     *    670		738		94		0.74
     *    671		737		98		0.76
     *    672		736		38		0.39
     *    677		732		44		0.44
     *    678		731		93		0.74
     *    679		730		83		0.69
     *    683		703		90		0.73
     *    685		702		88		0.72
     *    687		701		84		0.70
     *    689		700		83		0.69
          691		699		59		0.55
     *    706		712		20		0.20
     *    714		726		63		0.58
     *    715		725		26		0.27
          716		724		0		0.00
     *    782		807		55		0.53
     *    783		806		61		0.57
     *    784		805		64		0.59
          785		804		16		0.16
     *    786		803		68		0.61
     *    787		802		44		0.44
     *    788		801		39		0.40
          789		800		65		0.59
          790		799		15		0.14
          815		832		38		0.39
     *    816		831		47		0.46
     *    817		830		36		0.37
     *    818		829		65		0.59
     *    819		828		49		0.48
          873		880		3		0.00
     *    874		879		12		0.11
          897		909		10		0.08
          898		908		10		0.08
     *    899		907		20		0.20
     *    900		906		21		0.21
          948		4212		22		0.23
     *    950		1609		21		0.21
          951		1608		18		0.18
     *    952		1607		71		0.63
     *    953		1606		42		0.42
          954		1605		29		0.30
          955		1604		11		0.09
          956		1603		18		0.18
     *    957		1602		54		0.52
     *    958		1601		92		0.74
     *    959		1600		65		0.59
     *    960		1599		93		0.74
     *    1613		1628		19		0.19
          1614		1627		2		0.00
          1615		1626		11		0.09
          1616		1625		0		0.00
     *    1629		2876		48		0.47
     *    1630		2875		10		0.08
          1631		2874		6		0.03
     *    1632		2873		52		0.50
     *    1633		2871		34		0.35
     *    1634		2870		10		0.08
     *    1639		1773		21		0.21
     *    1640		1772		38		0.39
     *    1641		1771		74		0.65
     *    1643		1770		81		0.68
     *    1644		1769		88		0.72
     *    1645		1768		41		0.41
     *    1646		1767		92		0.74
     *    1648		1766		88		0.72
     *    1649		1765		75		0.65
     *    1650		1764		74		0.65
     *    1651		1763		66		0.60
          1652		1762		4		0.00
          1653		1761		2		0.00
          1659		1693		2		0.00
     *    1660		1692		29		0.30
          1661		1691		17		0.17
          1662		1690		4		0.00
     *    1665		1687		57		0.54
     *    1666		1686		80		0.68
     *    1667		1685		84		0.70
          1697		1704		0		0.00
     *    1698		1703		43		0.43
          1714		1734		7		0.04
          1715		1733		2		0.00
          1716		1732		6		0.03
     *    1717		1731		23		0.24
          1718		1730		30		0.31
          1777		1919		0		0.00
     *    1778		1918		29		0.30
          1780		1916		0		0.00
          1784		1909		2		0.00
     *    1785		1908		32		0.33
     *    1786		1907		69		0.62
     *    1788		1906		72		0.64
     *    1790		1905		30		0.31
     *    1791		1904		34		0.35
          1795		1885		0		0.00
          1796		1884		9		0.07
          1797		1883		5		0.01
     *    1798		1882		73		0.64
     *    1799		1881		35		0.36
          1800		1880		7		0.04
     *    1801		1879		39		0.40
          1802		1878		4		0.00
          1803		1877		2		0.00
     *    1804		1876		70		0.62
     *    1805		1875		66		0.60
          1806		1873		0		0.00
          1808		1841		5		0.01
     *    1809		1840		22		0.23
     *    1810		1839		85		0.70
          1811		1838		2		0.00
          1815		1833		16		0.16
     *    1816		1832		50		0.49
     *    1817		1831		73		0.64
     *    1818		1830		103		0.78
     *    1819		1829		96		0.75
     *    1820		1828		49		0.48
          1821		1827		34		0.35
          1845		1870		2		0.00
     *    1846		1869		31		0.32
     *    1848		1868		84		0.70
     *    1850		1867		54		0.52
     *    1851		1866		86		0.71
     *    1852		1865		86		0.71
     *    1853		1864		81		0.68
     *    1854		1863		74		0.65
     *    1887		1897		40		0.41
          1888		1896		0		0.00
     *    1889		1895		22		0.23
          1922		2799		4		0.00
          1923		2798		0		0.00
          1924		2796		5		0.01
     *    1925		2795		53		0.51
     *    1926		2794		37		0.38
          1927		2793		0		0.00
     *    1932		1945		22		0.23
     *    1933		1944		46		0.46
     *    1934		1943		72		0.64
     *    1935		1942		56		0.53
          1936		1941		0		0.00
          1947		2064		1		0.00
     *    1948		2062		49		0.48
          1949		2061		10		0.08
     *    1950		2060		57		0.54
     *    1951		2059		85		0.70
     *    1952		2058		92		0.74
     *    1953		2057		79		0.67
     *    1954		2056		89		0.72
     *    1959		2055		56		0.53
          1962		2049		96		0.75
     *    1963		2048		106		0.79
     *    1964		2047		104		0.78
     *    1965		2044		79		0.67
     *    1966		2043		108		0.80
     *    1967		2041		94		0.74
     *    1968		2040		96		0.75
     *    1969		2039		29		0.30
          1970		2038		11		0.09
     *    1971		2037		61		0.57
     *    1976		2032		25		0.26
          1977		2030		9		0.07
          1978		2029		0		0.00
     *    1983		2026		12		0.11
     *    1984		2025		23		0.24
     *    1985		2024		54		0.52
     *    1987		2022		41		0.41
     *    1988		2021		58		0.55
     *    1989		2020		51		0.50
     *    1990		2019		57		0.54
          1995		2015		22		0.23
          1996		2014		9		0.07
          1998		2012		3		0.00
     *    1999		2011		51		0.50
     *    2000		2010		77		0.66
     *    2001		2009		54		0.52
          2002		2008		78		0.67
          2068		2095		8		0.05
     *    2069		2094		41		0.41
     *    2070		2093		30		0.31
     *    2072		2092		101		0.77
     *    2073		2090		55		0.53
     *    2074		2089		75		0.65
          2075		2088		10		0.08
          2076		2087		58		0.55
          2077		2086		12		0.11
     *    2078		2085		72		0.64
          2101		2112		2		0.00
          2102		2111		2		0.00
          2103		2110		5		0.01
          2116		2311		31		0.32
     *    2117		2310		17		0.17
     *    2118		2309		85		0.70
     *    2119		2308		76		0.66
     *    2121		2307		51		0.50
     *    2122		2306		31		0.32
     *    2123		2305		30		0.31
          2127		2301		0		0.00
          2129		2300		0		0.00
     *    2130		2299		28		0.29
     *    2137		2298		63		0.58
     *    2139		2297		105		0.79
     *    2140		2296		99		0.76
     *    2141		2295		78		0.67
     *    2142		2294		93		0.74
     *    2143		2293		40		0.41
     *    2145		2292		28		0.29
     *    2165		2269		26		0.27
          2166		2268		6		0.03
          2167		2267		23		0.24
          2169		2266		5		0.01
          2170		2265		1		0.00
     *    2171		2264		60		0.56
     *    2172		2263		78		0.67
     *    2173		2262		80		0.68
     *    2174		2261		83		0.69
     *    2175		2260		88		0.72
     *    2176		2259		47		0.46
     *    2177		2257		72		0.64
          2178		2256		7		0.04
          2186		2244		36		0.37
     *    2187		2243		14		0.13
     *    2188		2242		38		0.39
          2189		2241		14		0.13
          2190		2240		2		0.00
          2192		2217		0		0.00
     *    2193		2216		43		0.43
          2194		2215		2		0.00
          2197		2211		14		0.13
          2198		2210		1		0.00
          2199		2209		0		0.00
          2218		2222		5		0.01
     *    2223		2238		15		0.14
          2227		2236		2		0.00
          2228		2235		0		0.00
     *    2312		2788		85		0.70
     *    2313		2787		82		0.69
     *    2314		2785		65		0.59
     *    2315		2784		90		0.73
     *    2316		2783		106		0.79
     *    2317		2782		83		0.69
     *    2318		2781		69		0.62
     *    2319		2780		66		0.60
          2801		2864		4		0.00
          2803		2861		4		0.00
     *    2805		2860		27		0.28
     *    2806		2859		46		0.46
     *    2807		2858		71		0.63
     *    2808		2857		83		0.69
     *    2809		2856		84		0.70
     *    2810		2855		98		0.76
          2812		2852		81		0.68
     *    2813		2851		66		0.60
     *    2814		2850		46		0.46
          2821		2846		5		0.01
     *    2822		2845		66		0.60
     *    2823		2844		86		0.71
     *    2824		2843		96		0.75
     *    2825		2842		94		0.74
     *    2827		2838		74		0.65
     *    2828		2837		66		0.60
     *    2829		2836		67		0.61
     *    2877		4211		11		0.09
          2878		4210		10		0.08
     *    2885		4205		48		0.47
          2886		4204		0		0.00
     *    2894		2914		74		0.65
     *    2895		2913		81		0.68
     *    2896		2912		90		0.73
     *    2897		2911		73		0.64
     *    2898		2910		68		0.61
          2899		2909		10		0.08
          2915		3503		6		0.03
     *    2916		3502		41		0.41
          2917		3501		10		0.08
          2918		3500		4		0.00
     *    2927		3480		55		0.53
     *    2928		3479		52		0.50
     *    2929		3478		18		0.18
     *    2930		3477		55		0.53
          2933		3460		10		0.08
          2934		3459		0		0.00
          2938		2971		12		0.11
          2939		2970		6		0.03
     *    2941		2968		54		0.52
     *    2942		2967		40		0.41
     *    2943		2966		57		0.54
     *    2944		2965		13		0.12
     *    2955		2963		68		0.61
          2956		2962		0		0.00
          2978		3456		0		0.00
          2979		3455		10		0.08
     *    2980		3454		24		0.25
     *    2981		3453		68		0.61
          2984		3030		15		0.14
          2985		3029		0		0.00
          2989		3024		20		0.20
     *    2990		3023		80		0.68
     *    2991		3021		39		0.40
          2994		3019		13		0.12
          2996		3016		19		0.19
     *    2997		3015		36		0.37
     *    2998		3013		41		0.41
     *    3035		3055		79		0.67
     *    3037		3054		26		0.27
     *    3038		3053		75		0.65
          3039		3052		12		0.11
          3040		3051		9		0.07
     *    3058		3452		44		0.44
     *    3059		3451		81		0.68
     *    3060		3450		83		0.69
     *    3061		3447		81		0.68
     *    3062		3446		96		0.75
     *    3064		3445		96		0.75
     *    3065		3443		101		0.77
     *    3066		3442		93		0.74
     *    3070		3441		105		0.79
     *    3071		3440		96		0.75
          3072		3439		88		0.72
     *    3178		3430		79		0.67
     *    3179		3429		63		0.58
     *    3184		3423		62		0.57
     *    3185		3422		26		0.27
     *    3186		3421		55		0.53
     *    3187		3420		70		0.62
     *    3188		3419		39		0.40
          3189		3418		71		0.63
     *    3193		3408		40		0.41
     *    3194		3407		48		0.47
     *    3195		3405		39		0.40
     *    3196		3404		48		0.47
     *    3199		3400		61		0.57
     *    3200		3399		44		0.44
     *    3201		3398		84		0.70
     *    3207		3391		77		0.66
     *    3208		3390		93		0.74
     *    3209		3388		98		0.76
     *    3210		3387		99		0.76
     *    3211		3386		89		0.72
     *    3214		3238		38		0.39
     *    3215		3237		39		0.40
     *    3216		3236		68		0.61
     *    3217		3235		93		0.74
     *    3218		3234		74		0.65
     *    3219		3233		70		0.62
     *    3240		3334		79		0.67
          3241		3333		88		0.72
     *    3246		3321		68		0.61
     *    3247		3320		75		0.65
     *    3248		3319		89		0.72
     *    3249		3318		93		0.74
          3255		3313		40		0.41
     *    3256		3312		65		0.59
     *    3257		3311		87		0.71
     *    3265		3300		64		0.59
     *    3266		3299		82		0.69
     *    3267		3298		91		0.73
     *    3268		3297		84		0.70
     *    3269		3296		82		0.69
     *    3270		3295		73		0.64
     *    3271		3294		48		0.47
          3277		3285		13		0.12
     *    3278		3284		22		0.23
          3337		3378		44		0.44
          3338		3376		53		0.51
     *    3345		3370		73		0.64
     *    3346		3368		68		0.61
     *    3347		3366		83		0.69
     *    3348		3365		85		0.70
          3349		3364		75		0.65
          3466		3475		2		0.00
     *    3467		3474		14		0.13
          3482		3497		57		0.54
          3483		3496		4		0.00
     *    3484		3495		78		0.67
     *    3485		3494		57		0.54
     *    3506		4203		24		0.25
          3507		4202		3		0.00
     *    3508		4201		36		0.37
          3509		4200		10		0.08
     *    3514		4198		51		0.50
     *    3515		4197		68		0.61
     *    3516		4196		56		0.53
     *    3517		4195		47		0.46
     *    3518		4194		47		0.46
     *    3519		4193		25		0.26
     *    3520		4192		46		0.46
     *    3521		4191		56		0.53
          3523		4189		1		0.00
          3524		4188		0		0.00
          3525		4187		0		0.00
     *    3541		3565		58		0.55
     *    3542		3564		38		0.39
     *    3543		3563		46		0.46
     *    3544		3562		22		0.23
          3545		3561		9		0.07
          3549		3556		34		0.35
     *    3550		3555		16		0.16
     *    3566		3628		47		0.46
          3567		3627		2		0.00
     *    3568		3626		34		0.35
     *    3569		3625		87		0.71
     *    3570		3624		100		0.77
          3571		3623		86		0.71
          3588		3607		61		0.57
          3589		3606		65		0.59
     *    3591		3605		66		0.60
     *    3592		3604		68		0.61
     *    3593		3603		74		0.65
     *    3594		3602		83		0.69
     *    3629		3634		41		0.41
     *    3643		4182		25		0.26
     *    3644		4181		59		0.55
     *    3645		4180		60		0.56
     *    3646		4179		28		0.29
     *    3647		4178		46		0.46
     *    3648		4177		66		0.60
          3649		4176		37		0.38
     *    3650		4173		13		0.12
     *    3651		4172		14		0.13
          3654		3668		3		0.00
          3655		3667		0		0.00
          3656		3666		6		0.03
          3671		3713		7		0.04
     *    3672		3712		30		0.31
     *    3673		3711		51		0.50
     *    3674		3710		22		0.23
          3675		3709		19		0.19
     *    3676		3708		48		0.47
     *    3677		3707		12		0.11
          3678		3706		0		0.00
          3679		3703		1		0.00
          3683		3700		3		0.00
     *    3684		3699		70		0.62
     *    3685		3698		78		0.67
     *    3686		3697		25		0.26
          3716		4168		19		0.19
     *    3717		4167		35		0.36
          3718		4166		4		0.00
     *    3719		4165		12		0.11
          3721		4097		0		0.00
     *    3722		4096		4		0.00
          3723		4095		2		0.00
     *    3726		4094		8		0.05
          3727		4093		0		0.00
          3728		4090		1		0.00
          3729		4089		4		0.00
     *    3730		4088		62		0.57
     *    3731		4087		21		0.21
          3732		4086		3		0.00
          3735		4085		4		0.00
     *    3736		4084		8		0.05
          3737		4083		2		0.00
          3742		4079		55		0.53
     *    3743		4078		59		0.55
          3745		4076		23		0.24
     *    3746		4075		32		0.33
          3747		4074		64		0.59
     *    3748		4073		78		0.67
     *    3749		4072		63		0.58
          3750		4071		8		0.05
          3751		4070		0		0.00
     *    3754		4066		33		0.34
     *    3755		4065		46		0.46
          4098		4116		4		0.00
          4099		4115		0		0.00
          4100		4114		2		0.00
     *    4101		4113		12		0.11
          4102		4112		2		0.00
          4103		4111		0		0.00
          4117		4122		0		0.00
          4128		4155		2		0.00
          4138		4154		0		0.00
          4139		4153		3		0.00
          4140		4152		2		0.00
          4141		4151		10		0.08
          4142		4150		2		0.00
          4143		4149		7		0.04
     *    4217		4234		72		0.64
     *    4218		4233		60		0.56
     *    4219		4232		38		0.39
     *    4220		4231		65		0.59
          4221		4230		1		0.00
          4237		4838		10		0.08
     *    4238		4837		26		0.27
     *    4239		4836		22		0.23
          4240		4835		31		0.32
     *    4241		4834		16		0.16
     *    4242		4833		64		0.59
     *    4243		4832		53		0.51
     *    4244		4831		54		0.52
     *    4246		4830		32		0.33
          4247		4829		0		0.00
          4248		4828		0		0.00
          4250		4825		17		0.17
     *    4251		4823		31		0.32
          4258		4656		0		0.00
          4259		4655		0		0.00
          4260		4654		11		0.09
     *    4261		4653		36		0.37
          4263		4652		2		0.00
     *    4264		4651		50		0.49
          4265		4648		0		0.00
     *    4266		4647		9		0.07
          4267		4646		0		0.00
          4268		4645		0		0.00
          4269		4644		1		0.00
          4271		4446		0		0.00
          4272		4445		0		0.00
          4273		4444		4		0.00
     *    4274		4443		51		0.50
     *    4278		4438		25		0.26
          4279		4437		26		0.27
          4280		4436		23		0.24
     *    4281		4435		37		0.38
     *    4282		4434		77		0.66
          4283		4433		29		0.30
     *    4284		4432		15		0.14
          4287		4392		0		0.00
          4288		4391		61		0.57
     *    4289		4390		84		0.70
     *    4290		4389		90		0.73
     *    4291		4388		76		0.66
     *    4292		4387		59		0.55
     *    4293		4386		78		0.67
          4294		4385		43		0.43
     *    4295		4384		68		0.61
     *    4296		4383		93		0.74
     *    4297		4382		97		0.76
     *    4298		4381		97		0.76
     *    4299		4380		92		0.74
     *    4300		4379		100		0.77
     *    4301		4378		95		0.75
     *    4302		4377		72		0.64
          4303		4376		8		0.05
          4304		4375		4		0.00
          4314		4374		25		0.26
     *    4315		4373		19		0.19
     *    4316		4372		18		0.18
          4317		4371		12		0.11
          4318		4370		0		0.00
          4321		4356		4		0.00
     *    4322		4355		78		0.67
          4323		4354		5		0.01
     *    4330		4350		73		0.64
     *    4331		4349		65		0.59
     *    4332		4348		97		0.76
     *    4333		4346		93		0.74
     *    4334		4345		78		0.67
     *    4335		4344		92		0.74
     *    4336		4343		84		0.70
          4337		4342		18		0.18
          4396		4426		19		0.19
     *    4397		4425		62		0.57
     *    4398		4424		92		0.74
     *    4403		4422		80		0.68
     *    4404		4421		95		0.75
     *    4405		4420		84		0.70
     *    4407		4419		41		0.41
     *    4408		4418		67		0.61
     *    4409		4417		61		0.57
     *    4449		4461		15		0.14
          4450		4460		6		0.03
          4451		4459		4		0.00
          4452		4458		0		0.00
     *    4462		4484		21		0.21
          4463		4483		0		0.00
          4464		4482		0		0.00
          4465		4481		2		0.00
          4466		4480		4		0.00
          4467		4479		1		0.00
     *    4485		4637		16		0.16
     *    4487		4593		80		0.68
          4488		4592		2		0.00
          4494		4551		4		0.00
          4495		4550		2		0.00
     *    4496		4549		62		0.57
     *    4497		4548		54		0.52
     *    4498		4547		52		0.50
          4499		4546		6		0.03
          4500		4529		2		0.00
     *    4501		4528		17		0.17
     *    4503		4521		40		0.41
     *    4504		4520		70		0.62
     *    4505		4519		90		0.73
     *    4506		4518		56		0.53
          4507		4517		9		0.07
          4508		4516		37		0.38
          4530		4539		18		0.18
          4531		4538		26		0.27
          4556		4579		4		0.00
          4557		4578		4		0.00
          4558		4577		0		0.00
          4559		4576		39		0.40
          4560		4575		24		0.25
          4561		4574		10		0.08
          4562		4573		10		0.08
     *    4563		4572		30		0.31
     *    4564		4571		38		0.39
     *    4581		4590		55		0.53
     *    4582		4589		54		0.52
     *    4583		4588		22		0.23
          4604		4631		7		0.04
     *    4605		4630		20		0.20
          4606		4629		10		0.08
     *    4607		4628		50		0.49
     *    4608		4627		17		0.17
          4609		4626		13		0.12
          4610		4625		19		0.19
     *    4613		4624		26		0.27
     *    4614		4623		54		0.52
          4665		4707		1		0.00
          4666		4706		2		0.00
          4667		4705		0		0.00
          4669		4704		2		0.00
          4670		4701		1		0.00
     *    4671		4700		32		0.33
     *    4672		4699		90		0.73
     *    4673		4698		44		0.44
     *    4674		4697		83		0.69
     *    4675		4696		34		0.35
          4676		4695		5		0.01
          4680		4691		0		0.00
     *    4681		4690		16		0.16
          4718		4794		0		0.00
          4719		4792		0		0.00
     *    4720		4791		16		0.16
          4721		4790		0		0.00
          4722		4789		2		0.00
          4723		4786		2		0.00
     *    4724		4783		29		0.30
          4725		4782		5		0.01
          4726		4781		0		0.00
     *    4727		4780		62		0.57
          4728		4779		8		0.05
          4731		4756		0		0.00
          4732		4755		0		0.00
          4734		4751		4		0.00
          4735		4750		2		0.00
     *    4736		4749		19		0.19
          4737		4748		0		0.00
          4738		4747		10		0.08
          4739		4746		4		0.00
     *    4758		4772		34		0.35
     *    4759		4771		56		0.53
          4760		4770		2		0.00
          4761		4769		8		0.05
          4762		4768		2		0.00
          4800		4818		16		0.16
          4801		4817		2		0.00
     *    4802		4816		10		0.08
          4803		4815		0		0.00
          4804		4813		0		0.00
          4805		4812		0		0.00
          4806		4811		0		0.00
     *    4844		5012		40		0.41
          4845		5011		10		0.08
          4846		5010		6		0.03
     *    4847		5009		71		0.63
     *    4848		5008		62		0.57
     *    4849		5007		78		0.67
          4850		5006		28		0.29
          4852		5005		3		0.00
     *    4856		4998		35		0.36
     *    4857		4997		65		0.59
     *    4858		4996		43		0.43
          4859		4995		30		0.31
     *    4862		4891		30		0.31
          4863		4890		24		0.25
     *    4864		4889		43		0.43
     *    4865		4888		71		0.63
     *    4866		4887		46		0.46
     *    4867		4886		28		0.29
          4868		4885		37		0.38
          4892		4955		17		0.17
     *    4893		4954		20		0.20
     *    4894		4953		60		0.56
     *    4895		4952		85		0.70
     *    4896		4951		16		0.16
          4897		4950		6		0.03
          4901		4947		13		0.12
          4902		4946		46		0.46
          4903		4945		6		0.03
     *    4909		4940		39		0.40
          4910		4939		10		0.08
     *    4911		4938		66		0.60
          4912		4937		5		0.01
          4913		4936		7		0.04
          4914		4932		4		0.00
     *    4915		4931		20		0.20
          4916		4930		8		0.05
     *    4917		4929		93		0.74
     *    4918		4928		96		0.75
     *    4919		4927		64		0.59
     *    4958		4993		91		0.73
     *    4959		4992		46		0.46
          4960		4991		4		0.00
     *    4965		4986		46		0.46
          4966		4985		17		0.17
          4967		4984		25		0.26
          4968		4983		2		0.00
          4969		4982		0		0.00
     *    5015		5122		54		0.52
     *    5016		5121		68		0.61
     *    5017		5120		61		0.57
          5128		5225		61		0.57
          5132		5221		8		0.05
     *    5133		5220		59		0.55
     *    5134		5219		66		0.60
     *    5135		5218		65		0.59
     *    5136		5152		39		0.40
     *    5137		5151		34		0.35
     *    5138		5150		52		0.50
     *    5139		5149		79		0.67
     *    5140		5148		42		0.42
          5157		5213		6		0.03
          5158		5212		6		0.03
          5159		5211		1		0.00
          5160		5209		6		0.03
     *    5161		5208		54		0.52
     *    5162		5206		84		0.70
     *    5163		5205		52		0.50
     *    5164		5204		43		0.43
          5165		5202		56		0.53
     *    5166		5201		67		0.61
     *    5167		5200		25		0.26
     *    5170		5195		49		0.48
          5173		5192		19		0.19
     *    5174		5191		82		0.69
     *    5175		5189		65		0.59
     *    5176		5188		61		0.57
     *    5177		5187		84		0.70
#
# BPAIRS 846
# avg substitutions per BP  41.0
# BPAIRS expected to covary 305.4 +/- 11.5
# BPAIRS observed to covary 522
#
