# R-scape :: RNA Structural Covariation Above Phylogenetic Expectation
# R-scape 1.5.16 elenarivas@fas.harvard.edu (August 2020)
# Copyright (C) 2016-2019 Howard Hughes Medical Institute.
# Freely distributed under the GNU General Public License (GPLv3).
#-------------------------------------------------------------------------------------------------------
# MSA RF02576_tsr1 nseq 3 (3) alen 660 (660) avgid 94.27 (94.27) nbpairs 204 (204)
# Two-set statistical test (one test for annotated basepairs, another for all other pairs)
#
#
# Method Target_E-val [cov_min,cov_max] [FP | TP True Found | Sen PPV F] 
# GTp    0.05         [-7.90,1.59]     [0 | 1 204 1 | 0.49 100.00 0.98] 
#
#       left_pos       right_pos        score          E-value       substitutions      power
#-------------------------------------------------------------------------------------------------------
*	     546	     556	1.58605	0.0102043	1		0.00

# The given structure
# SS_cons :::[[[---[[[[-[[-[[--[[[[[[[,,,,,,<<<<<______>>>>>,,,,((((((
#
# SS_cons ((,,,,,<<<<<-<___>->>>>>,,,,,,,,,,,,,,<<<<<<<<--<<-<<<<<<---
#
# SS_cons --<<<<<-<<-<<-<<<<<--<<<-<<<-<<--<<<<<<<<--<<-<<<<<<-----<<<
#
# SS_cons <<-<<-<<-<<<<<--<<<-<<<-<<--<<<<<<<<--<<-<<<<<<-----<<<<<-<_
#
# SS_cons __>->>>>>-->>>->>>->>-->>>>>>>>-->>->>>>>>----->>>>>->>->>->
#
# SS_cons >>>>-->>>->>>->>-->>>>>>>>-->>->>>>>>----->>>>>->>->>->>>>>-
#
# SS_cons ->>>->>>->>-->>>>>>>>,,,)))))))),,,,,(((((-((-((-(((((,,,,,,
#
# SS_cons ,,,,,,,,<<<<<<<<___>>>>>>>>,,,,,<<<<<-<<-<<-<<<<<-----------
#
# SS_cons ---<<<<<<<<___>>>>>>>>----->>>>>->>->>->>>>>,,,,,,,,,,,,,,,,
#
# SS_cons ,<<<<<<<<___>>>>>>>>,,,,,)))))-))-))-))))),,,,<<<<<<<<<-<<<<
#
# SS_cons <<<<___>>>>>>>>-->>>>>>>>>,]]]]]]]-]]-]]-]]]]-]]]:::::::::::
#

# Power analysis of given structure 
#
# covary  left_pos      right_pos    substitutions      power
#----------------------------------------------------------------
          4		649		0		0.00
          5		648		0		0.00
          6		647		0		0.00
          10		645		0		0.00
          11		644		0		0.00
          12		643		0		0.00
          13		642		0		0.00
          15		640		0		0.00
          16		639		0		0.00
          18		637		0		0.00
          19		636		0		0.00
          22		634		0		0.00
          23		633		0		0.00
          24		632		0		0.00
          25		631		0		0.00
          26		630		0		0.00
          27		629		0		0.00
          28		628		0		0.00
          35		50		0		0.00
          36		49		0		0.00
          37		48		0		0.00
          38		47		0		0.00
          39		46		0		0.00
          55		392		0		0.00
          56		391		0		0.00
          57		390		0		0.00
          58		389		0		0.00
          59		388		0		0.00
          60		387		1		0.00
          61		386		0		0.00
          62		385		0		0.00
          68		84		0		0.00
          69		83		0		0.00
          70		82		0		0.00
          71		81		0		0.00
          72		80		0		0.00
          74		78		0		0.00
          99		381		0		0.00
          100		380		0		0.00
          101		379		0		0.00
          102		378		0		0.00
          103		377		0		0.00
          104		376		0		0.00
          105		375		0		0.00
          106		374		0		0.00
          109		371		0		0.00
          110		370		0		0.00
          112		368		0		0.00
          113		367		0		0.00
          114		366		0		0.00
          115		364		0		0.00
          116		363		0		0.00
          117		362		0		0.00
          123		359		0		0.00
          124		358		0		0.00
          125		357		0		0.00
          126		356		0		0.00
          127		355		0		0.00
          129		353		0		0.00
          130		352		0		0.00
          132		350		0		0.00
          133		349		0		0.00
          135		347		0		0.00
          136		346		0		0.00
          137		345		0		0.00
          138		344		0		0.00
          139		343		0		0.00
          142		337		0		0.00
          143		336		0		0.00
          144		335		0		0.00
          146		334		0		0.00
          147		333		0		0.00
          148		332		0		0.00
          150		330		0		0.00
          151		329		0		0.00
          154		326		0		0.00
          155		325		0		0.00
          156		324		0		0.00
          157		323		0		0.00
          158		322		0		0.00
          159		321		0		0.00
          160		320		0		0.00
          161		319		0		0.00
          164		316		0		0.00
          165		315		0		0.00
          167		313		0		0.00
          168		312		0		0.00
          169		311		0		0.00
          170		309		0		0.00
          171		308		0		0.00
          172		307		0		0.00
          178		304		0		0.00
          179		303		0		0.00
          180		302		0		0.00
          181		301		0		0.00
          182		300		0		0.00
          184		298		0		0.00
          185		297		0		0.00
          187		295		0		0.00
          188		294		0		0.00
          190		292		0		0.00
          191		291		0		0.00
          192		290		0		0.00
          193		289		0		0.00
          194		288		0		0.00
          197		282		0		0.00
          198		281		0		0.00
          199		280		0		0.00
          201		279		0		0.00
          202		278		0		0.00
          203		277		0		0.00
          205		275		0		0.00
          206		274		0		0.00
          209		271		0		0.00
          210		270		0		0.00
          211		269		0		0.00
          212		268		0		0.00
          213		267		0		0.00
          214		266		0		0.00
          215		265		0		0.00
          216		264		0		0.00
          219		261		0		0.00
          220		260		0		0.00
          222		258		0		0.00
          223		257		0		0.00
          224		256		0		0.00
          225		254		0		0.00
          226		253		0		0.00
          227		252		0		0.00
          233		249		0		0.00
          234		248		0		0.00
          235		247		0		0.00
          236		246		0		0.00
          237		245		0		0.00
          239		243		0		0.00
          398		582		0		0.00
          399		581		0		0.00
          400		580		0		0.00
          401		579		0		0.00
          402		578		0		0.00
          404		576		0		0.00
          405		575		0		0.00
          407		573		0		0.00
          408		572		0		0.00
          410		570		0		0.00
          411		569		0		0.00
          412		568		0		0.00
          413		567		0		0.00
          414		566		0		0.00
          429		447		0		0.00
          430		446		0		0.00
          431		445		0		0.00
          432		444		0		0.00
          433		443		0		0.00
          434		442		0		0.00
          435		441		0		0.00
          436		440		0		0.00
          453		524		0		0.00
          454		523		0		0.00
          455		522		0		0.00
          456		521		0		0.00
          457		520		0		0.00
          459		518		1		0.00
          460		517		1		0.00
          462		515		1		0.00
          463		514		1		0.00
          465		512		1		0.00
          466		511		0		0.00
          467		510		1		0.00
          468		509		1		0.00
          469		508		0		0.00
          484		502		0		0.00
          485		501		0		0.00
          486		500		0		0.00
          487		499		0		0.00
          488		498		0		0.00
          489		497		0		0.00
          490		496		0		0.00
          491		495		0		0.00
          542		560		0		0.00
          543		559		1		0.00
          544		558		1		0.00
          545		557		1		0.00
     *    546		556		1		0.00
          547		555		1		0.00
          548		554		0		0.00
          549		553		0		0.00
          587		626		0		0.00
          588		625		0		0.00
          589		624		0		0.00
          590		623		0		0.00
          591		622		0		0.00
          592		621		0		0.00
          593		620		0		0.00
          594		619		0		0.00
          595		618		0		0.00
          597		615		0		0.00
          598		614		0		0.00
          599		613		0		0.00
          600		612		0		0.00
          601		611		0		0.00
          602		610		0		0.00
          603		609		0		0.00
          604		608		0		0.00
#
# BPAIRS 204
# avg substitutions per BP  0.1
# BPAIRS expected to covary 0.0 +/- 0.0
# BPAIRS observed to covary 1
#
