# R-scape :: RNA Structural Covariation Above Phylogenetic Expectation
# R-scape 1.5.16 elenarivas@fas.harvard.edu (August 2020)
# Copyright (C) 2016-2019 Howard Hughes Medical Institute.
# Freely distributed under the GNU General Public License (GPLv3).
#-------------------------------------------------------------------------------------------------------
# MSA RF02514_5_ureB_sRNA nseq 13 (13) alen 295 (304) avgid 76.19 (75.91) nbpairs 90 (90)
# Two-set statistical test (one test for annotated basepairs, another for all other pairs)
#
#
# Method Target_E-val [cov_min,cov_max] [FP | TP True Found | Sen PPV F] 
# GTp    0.05         [-6.43,15.51]     [0 | 0 90 0 | 0.00 0.00 0.00] 
#
#       left_pos       right_pos        score          E-value       substitutions      power
#-------------------------------------------------------------------------------------------------------
no significant pairs

# The given structure
# SS_cons {{{-{{{{{,[[[[[[[((((((,,,,,,<<<-<<-<<<<____>>>>>>>>>,,,<<<_
#
# SS_cons ______>>>,))))))<<--<<<<<----<<<<<<<<<<-----<<-<<<<<-<<_____
#
# SS_cons __>>->>>>>>>-->>>->>>>>>>-->>>>>-->>,,,,]]]]]]],,,,(-(((--((
#
# SS_cons (((((((,,,,,,<<<<<<<--------<<______>>----->>>>>>>,<<<--<-<<
#
# SS_cons --<<<_______>>>-->>->---->>>,))-)))))))---)))),,,,,,,,}}}}}-
#
# SS_cons -}}}
#

# Power analysis of given structure 
#
# covary  left_pos      right_pos    substitutions      power
#----------------------------------------------------------------
          1		304		3		0.00
          2		303		9		0.07
          3		302		5		0.01
          5		299		6		0.03
          6		298		1		0.00
          7		297		6		0.03
          8		296		1		0.00
          9		295		0		0.00
          11		167		2		0.00
          12		166		4		0.00
          13		165		2		0.00
          14		164		3		0.00
          15		163		4		0.00
          16		162		0		0.00
          17		161		4		0.00
          18		76		0		0.00
          19		75		3		0.00
          20		74		9		0.07
          21		73		1		0.00
          22		72		0		0.00
          23		71		5		0.01
          30		53		2		0.00
          31		52		0		0.00
          32		51		3		0.00
          34		50		2		0.00
          35		49		1		0.00
          37		48		0		0.00
          38		47		9		0.07
          39		46		0		0.00
          40		45		0		0.00
          57		69		0		0.00
          58		68		5		0.01
          59		67		6		0.03
          77		156		6		0.03
          78		155		0		0.00
          81		152		0		0.00
          82		151		6		0.03
          83		150		7		0.04
          84		149		4		0.00
          85		148		2		0.00
          90		145		0		0.00
          91		144		4		0.00
          92		143		2		0.00
          93		142		0		0.00
          94		141		3		0.00
          95		140		2		0.00
          96		139		1		0.00
          97		137		0		0.00
          98		136		5		0.01
          99		135		0		0.00
          105		132		5		0.01
          106		131		3		0.00
          108		130		2		0.00
          109		129		4		0.00
          110		128		2		0.00
          111		127		2		0.00
          112		126		4		0.00
          114		124		1		0.00
          115		123		5		0.01
          172		286		1		0.00
          174		285		6		0.03
          175		284		0		0.00
          176		283		2		0.00
          179		279		5		0.01
          180		278		1		0.00
          181		277		6		0.03
          182		276		3		0.00
          183		275		0		0.00
          184		274		4		0.00
          185		273		6		0.03
          186		271		2		0.00
          187		270		1		0.00
          194		230		7		0.04
          195		229		0		0.00
          196		228		0		0.00
          197		227		3		0.00
          198		226		3		0.00
          199		225		0		0.00
          200		224		8		0.05
          209		218		7		0.04
          210		217		2		0.00
          232		268		4		0.00
          233		267		5		0.01
          234		266		0		0.00
          237		261		4		0.00
          239		259		9		0.07
          240		258		0		0.00
          243		255		4		0.00
          244		254		4		0.00
          245		253		3		0.00
#
# BPAIRS 90
# avg substitutions per BP  3.0
# BPAIRS expected to covary 0.8 +/- 0.8
# BPAIRS observed to covary 0
#
