# R-scape :: RNA Structural Covariation Above Phylogenetic Expectation
# R-scape 1.5.16 elenarivas@fas.harvard.edu (August 2020)
# Copyright (C) 2016-2019 Howard Hughes Medical Institute.
# Freely distributed under the GNU General Public License (GPLv3).
#-------------------------------------------------------------------------------------------------------
# MSA RF02540_LSU_rRNA_archaea nseq 91 (91) alen 3039 (4236) avgid 68.18 (67.92) nbpairs 786 (786)
# Two-set statistical test (one test for annotated basepairs, another for all other pairs)
#
#
# Method Target_E-val [cov_min,cov_max] [FP | TP True Found | Sen PPV F] 
# GTp    0.05         [-9.75,207.86]     [12 | 459 786 471 | 58.40 97.45 73.03] 
#
#       left_pos       right_pos        score          E-value       substitutions      power
#-------------------------------------------------------------------------------------------------------
*	    1013	    1042	207.85579	1.49812e-15	38		0.39
*	    1158	    1267	205.87502	2.29826e-15	64		0.59
*	    1921	    1939	203.89121	3.52559e-15	48		0.47
*	    4126	    4218	201.57158	6.01857e-15	41		0.41
*	     381	     517	199.73147	8.75099e-15	64		0.59
*	    3405	    3420	194.50296	2.837e-14	68		0.61
*	    2769	    2803	194.32889	2.837e-14	31		0.32
*	    2812	    3902	193.06039	3.70618e-14	29		0.30
*	    2310	    2742	193.09078	3.70618e-14	24		0.25
*	     236	     260	192.01449	4.84155e-14	38		0.39
*	    1836	    1851	190.77914	6.3246e-14	43		0.43
*	     849	     971	190.04269	7.42433e-14	54		0.52
*	    2906	    3429	188.15482	1.0792e-13	38		0.39
*	     302	     308	187.82737	1.2009e-13	31		0.32
*	     575	     586	186.08383	1.74553e-13	40		0.41
*	    1348	    1692	185.62387	1.94235e-13	32		0.33
*	     274	     286	185.19294	2.16136e-13	45		0.45
*	    2506	    2543	184.53139	2.40506e-13	45		0.45
*	     382	     516	184.32834	2.53702e-13	75		0.65
*	    4030	    4048	184.07439	2.67622e-13	28		0.29
*	    1159	    1266	183.75917	2.82305e-13	36		0.37
*	    2363	    2398	183.59390	2.97794e-13	47		0.46
*	    1956	    1969	183.50665	2.97794e-13	42		0.42
*	     325	     592	183.57470	2.97794e-13	20		0.20
*	    3672	    3706	183.11065	3.31367e-13	40		0.41
*	    1132	    1744	182.43849	3.88951e-13	32		0.33
*	      89	     118	181.22385	5.07999e-13	56		0.53
*	    1716	    1730	178.28933	9.6414e-13	63		0.58
*	    1131	    1746	177.79187	1.07279e-12	30		0.31
*	    2457	    2485	177.41932	1.13162e-12	20		0.20
*	    3620	    3645	176.88272	1.25913e-12	22		0.23
*	    3675	    3702	176.62513	1.32817e-12	48		0.47
*	     865	     877	176.78906	1.32817e-12	37		0.38
*	     435	     455	176.66240	1.32817e-12	53		0.51
*	    2272	    2280	176.24414	1.47782e-12	26		0.27
*	    2360	    2404	174.92501	1.92989e-12	50		0.49
*	     324	     593	174.59799	2.1473e-12	32		0.33
*	    1326	    1706	174.20346	2.26502e-12	53		0.51
*	    4131	    4141	173.29222	2.80405e-12	36		0.37
*	    1282	    1301	173.27896	2.80405e-12	46		0.46
*	    1920	    1940	172.84450	3.11989e-12	65		0.59
*	    1980	    2232	172.56829	3.29091e-12	59		0.55
*	    4167	    4193	172.44504	3.47129e-12	40		0.41
*	    3964	    4015	172.26363	3.47129e-12	42		0.42
*	     438	     452	172.02584	3.66156e-12	63		0.58
*	    1835	    1852	171.56939	4.07394e-12	32		0.33
*	    3809	    3820	170.14431	5.6111e-12	41		0.41
*	    1979	    2233	170.24205	5.6111e-12	67		0.61
*	    2100	    2133	169.80092	5.9186e-12	59		0.55
*	      65	     125	169.65569	6.24293e-12	28		0.29
*	    4029	    4049	169.37193	6.58503e-12	20		0.20
*	    1051	    1075	169.21968	6.94587e-12	39		0.40
*	    4130	    4142	168.83198	7.32648e-12	39		0.40
*	     717	     804	167.59693	9.56596e-12	49		0.48
*	      26	     693	167.66974	9.56596e-12	62		0.57
*	    3407	    3418	167.36981	1.00901e-11	53		0.51
*	    1208	    1218	167.35150	1.00901e-11	54		0.52
*	     713	     808	167.53641	1.00901e-11	61		0.57
*	    1001	    1088	165.64169	1.46566e-11	42		0.42
*	    2049	    2179	165.49009	1.54594e-11	74		0.65
*	    1157	    1268	165.09014	1.71994e-11	59		0.55
*	    3648	    3657	164.77662	1.81414e-11	22		0.23
*	    1172	    1251	164.69913	1.81414e-11	50		0.49
*	    3917	    4074	164.56060	1.91351e-11	45		0.45
*	    1978	    2234	164.36343	1.91351e-11	54		0.52
*	     341	     353	164.00517	2.12885e-11	57		0.54
*	    4153	    4208	163.77250	2.24544e-11	39		0.40
*	    3918	    4073	163.38544	2.36841e-11	35		0.36
*	    2459	    2483	163.45980	2.36841e-11	29		0.30
*	     383	     514	163.02958	2.63492e-11	48		0.47
*	    1975	    2236	162.86173	2.77921e-11	60		0.56
*	    1170	    1253	162.69889	2.77921e-11	34		0.35
*	     903	     941	162.69509	2.77921e-11	34		0.35
*	    3674	    3704	162.00880	3.26122e-11	22		0.23
*	    1770	    1786	161.46243	3.62813e-11	43		0.43
*	    4155	    4206	161.15599	4.0363e-11	35		0.36
*	    2057	    2078	160.53381	4.49036e-11	40		0.41
*	     427	     486	160.65683	4.49036e-11	48		0.47
*	     437	     453	159.99578	4.99547e-11	58		0.55
*	    1142	    1149	159.02366	6.18244e-11	26		0.27
*	    1209	    1217	158.91420	6.52085e-11	44		0.44
*	     537	     555	158.11287	7.65127e-11	24		0.25
*	      28	     691	157.87170	8.07003e-11	26		0.27
*	     735	     787	157.70251	8.51169e-11	60		0.56
*	    1283	    1300	157.25613	8.97752e-11	39		0.40
*	    1207	    1219	157.39438	8.97752e-11	39		0.40
*	    4132	    4140	157.08009	9.46882e-11	34		0.35
*	    1023	    1031	157.23261	9.46882e-11	37		0.38
*	    1714	    1732	156.93926	9.987e-11	47		0.46
*	     432	     459	156.38293	1.11099e-10	45		0.45
*	    1140	    1151	156.22360	1.17179e-10	18		0.18
*	    2103	    2129	155.80147	1.2359e-10	52		0.50
*	    2811	    3903	155.56880	1.30353e-10	27		0.28
*	    2465	    2475	155.63486	1.30353e-10	24		0.25
*	    3406	    3419	155.06770	1.45007e-10	68		0.61
*	     949	     957	155.22411	1.45007e-10	29		0.30
*	    3563	    3611	154.88343	1.52941e-10	34		0.35
*	    2869	    3465	153.89324	1.89257e-10	51		0.50
*	    1710	    1736	153.86411	1.89257e-10	46		0.46
*	    1977	    2235	153.74223	1.9961e-10	55		0.53
*	     993	    1111	153.45072	2.10528e-10	33		0.34
*	     866	     876	153.52447	2.10528e-10	44		0.44
*	    3624	    3641	153.03693	2.3419e-10	34		0.35
*	     850	     970	152.66934	2.46999e-10	36		0.37
*	    3747	    3769	151.62118	3.05631e-10	16		0.16
*	     175	     226	151.17107	3.39973e-10	33		0.34
*	     290	     318	150.51056	3.98849e-10	41		0.41
*	    2771	    2801	149.00866	5.48931e-10	23		0.24
*	    1394	    1649	148.55390	6.10587e-10	15		0.14
*	    3529	    3551	147.99303	6.79164e-10	26		0.27
*	    2308	    2744	147.21041	7.96727e-10	22		0.23
*	    1982	    2230	147.31327	7.96727e-10	44		0.44
*	     710	     810	146.46426	9.34624e-10	38		0.39
*	    3920	    4071	146.08484	1.03956e-09	33		0.34
*	    1171	    1252	144.63262	1.43046e-09	59		0.55
*	    2048	    2180	143.57855	1.76959e-09	43		0.43
*	     904	     940	143.63864	1.76959e-09	32		0.33
*	       7	    4230	143.34758	1.86625e-09	63		0.58
*	    1285	    1298	143.30992	1.86625e-09	24		0.25
*	    1004	    1085	143.49580	1.86625e-09	31		0.32
*	    3564	    3610	142.71539	2.18906e-09	14		0.13
*	    2104	    2128	142.72950	2.18906e-09	40		0.41
*	    3963	    4016	142.13212	2.4347e-09	37		0.38
*	    1284	    1299	142.12093	2.4347e-09	39		0.40
*	     737	     785	142.12849	2.4347e-09	72		0.64
*	    3936	    3956	141.73201	2.70788e-09	30		0.31
*	     343	     351	141.74265	2.70788e-09	44		0.44
*	    1141	    1150	141.33840	2.85575e-09	25		0.26
*	     738	     783	141.29690	3.01168e-09	58		0.55
*	    3621	    3644	140.98025	3.17613e-09	24		0.25
*	    1922	    1938	140.72073	3.34955e-09	62		0.57
*	     234	     262	140.81093	3.34955e-09	28		0.29
*	     178	     223	140.71133	3.34955e-09	25		0.26
*	    1755	    1799	140.35563	3.53242e-09	45		0.45
*	    1709	    1737	140.36769	3.53242e-09	49		0.48
*	    1176	    1247	140.16981	3.72528e-09	37		0.38
*	    1837	    1850	139.86579	3.92865e-09	32		0.33
*	    1056	    1070	139.89983	3.92865e-09	29		0.30
*	      88	     119	139.39406	4.36929e-09	49		0.48
*	     752	     764	139.25509	4.6078e-09	55		0.53
*	    2522	    2529	139.09181	4.85931e-09	31		0.32
*	    3745	    3771	138.74763	5.12454e-09	18		0.18
*	    3562	    3612	138.68628	5.12454e-09	36		0.37
*	    2884	    3453	138.83191	5.12454e-09	65		0.59
*	    1380	    1659	138.45041	5.40424e-09	47		0.46
*	     990	    1113	138.09270	6.01022e-09	34		0.35
*	    3533	    3547	137.77764	6.33822e-09	19		0.19
*	    2304	    2747	137.60994	6.68409e-09	36		0.37
*	    1197	    1228	137.22943	7.04883e-09	59		0.55
*	     238	     258	137.23952	7.04883e-09	32		0.33
*	     841	     978	137.10344	7.43346e-09	27		0.28
*	    2832	    3894	136.89156	7.83905e-09	13		0.12
*	    2055	    2080	136.76498	7.83905e-09	34		0.35
*	       8	    4229	136.25485	8.71777e-09	67		0.61
*	    4021	    4056	136.27320	8.71777e-09	36		0.37
*	    3684	    3697	135.75130	9.69491e-09	26		0.27
*	     753	     763	135.75734	9.69491e-09	62		0.57
*	     864	     878	134.94299	1.13696e-08	28		0.29
*	    1877	    1899	134.90144	1.19897e-08	18		0.18
*	    2305	    2746	134.24710	1.33332e-08	39		0.40
*	    1757	    1796	134.39581	1.33332e-08	61		0.57
*	    1712	    1733	133.87685	1.48271e-08	35		0.36
*	    1059	    1068	133.49536	1.56356e-08	15		0.14
*	     342	     352	133.39189	1.64882e-08	53		0.51
*	    2511	    2540	132.91106	1.83352e-08	18		0.18
*	    2885	    3452	132.51233	1.93348e-08	46		0.46
*	    2024	    2208	132.62390	1.93348e-08	40		0.41
*	     711	     809	132.59603	1.93348e-08	42		0.42
*	     237	     259	132.28042	2.03889e-08	18		0.18
*	    2521	    2530	132.16082	2.15004e-08	36		0.37
*	     842	     977	132.21627	2.15004e-08	30		0.31
*	      53	     603	132.15557	2.15004e-08	61		0.57
*	    4154	    4207	131.76535	2.26725e-08	45		0.45
*	    3569	    3587	131.85525	2.26725e-08	36		0.37
*	    2505	    2544	131.90908	2.26725e-08	16		0.16
*	       9	    4228	131.57331	2.39083e-08	58		0.55
*	    2090	    2148	131.35510	2.52115e-08	57		0.54
*	     755	     761	131.35601	2.52115e-08	36		0.37
*	    1055	    1071	130.87366	2.80346e-08	29		0.30
*	     846	     974	130.81223	2.80346e-08	44		0.44
*	    2870	    3464	130.72048	2.95624e-08	34		0.35
*	      96	     108	130.73380	2.95624e-08	22		0.23
*	    4168	    4192	130.08042	3.28722e-08	45		0.45
*	    3623	    3642	130.07313	3.28722e-08	19		0.19
*	      25	     694	129.79732	3.46634e-08	35		0.36
*	    2425	    2718	129.69702	3.65521e-08	31		0.32
*	    1002	    1087	129.77566	3.65521e-08	37		0.38
*	    2037	    2192	129.47347	3.85436e-08	31		0.32
*	    3571	    3585	129.10675	4.06436e-08	22		0.23
*	     541	     551	128.99370	4.28578e-08	18		0.18
*	    2456	    2486	128.71402	4.51925e-08	14		0.13
*	    1344	    1695	128.02265	5.29869e-08	25		0.26
*	     946	     960	127.85478	5.29869e-08	16		0.16
*	       6	    4231	127.34366	5.89157e-08	78		0.67
*	    1021	    1033	127.52995	5.89157e-08	32		0.33
*	    1919	    1941	126.24968	7.68006e-08	47		0.46
*	    2667	    2689	126.00688	8.09819e-08	10		0.08
*	    1981	    2231	125.96237	8.09819e-08	44		0.44
*	     179	     222	126.00968	8.09819e-08	38		0.39
*	    3977	    4004	125.65834	8.53905e-08	30		0.31
*	    3934	    3958	125.41033	9.00388e-08	41		0.41
*	     902	     942	125.53039	9.00388e-08	16		0.16
*	     736	     786	125.18480	9.49399e-08	69		0.62
*	    1280	    1302	124.98754	1.00108e-07	28		0.29
*	     340	     354	125.06371	1.00108e-07	60		0.56
*	    1753	    1801	124.29735	1.17358e-07	46		0.46
*	    1325	    1707	124.23297	1.17358e-07	40		0.41
*	     910	     934	124.19175	1.17358e-07	39		0.40
*	     408	     505	124.20762	1.17358e-07	60		0.56
*	    1752	    1802	123.91121	1.23744e-07	30		0.31
*	    1346	    1694	123.84362	1.30477e-07	30		0.31
*	    2493	    2706	123.52728	1.37577e-07	21		0.21
*	    1019	    1035	122.45809	1.70048e-07	26		0.27
*	     859	     884	122.56349	1.70048e-07	29		0.30
*	    1918	    1942	122.20673	1.79297e-07	54		0.52
*	    3471	    3491	122.11061	1.89049e-07	20		0.20
*	      87	     120	122.13489	1.89049e-07	40		0.41
*	     409	     504	121.89887	1.99331e-07	73		0.64
*	    1771	    1785	121.48140	2.10171e-07	21		0.21
*	     631	     638	121.64177	2.10171e-07	16		0.16
*	    4022	    4055	121.09755	2.3365e-07	26		0.27
*	    1165	    1256	120.75471	2.46354e-07	26		0.27
*	     410	     503	120.89040	2.46354e-07	76		0.66
*	    3560	    3614	119.99779	2.88758e-07	20		0.20
*	     540	     552	120.02625	2.88758e-07	25		0.26
*	    2331	    2351	119.56889	3.21002e-07	24		0.25
*	     426	     487	119.70671	3.21002e-07	39		0.40
*	    1206	    1220	119.24147	3.38449e-07	27		0.28
*	      48	     607	119.35182	3.38449e-07	22		0.23
*	     291	     317	119.45055	3.38449e-07	18		0.18
*	    2293	    2754	118.62386	3.96679e-07	14		0.13
*	    1715	    1731	118.71479	3.96679e-07	30		0.31
*	    3408	    3417	118.30670	4.18233e-07	31		0.32
*	    1630	    1645	118.35756	4.18233e-07	16		0.16
*	    3986	    3992	118.14111	4.40957e-07	30		0.31
*	    2873	    3461	118.18575	4.40957e-07	45		0.45
*	     911	     933	117.91403	4.64913e-07	42		0.42
*	      46	     609	117.38036	5.16795e-07	16		0.16
*	    2054	    2081	117.09267	5.44866e-07	30		0.31
*	    4166	    4194	116.87981	5.74459e-07	32		0.33
*	    2664	    2692	116.97392	5.74459e-07	18		0.18
*	     867	     875	116.90365	5.74459e-07	30		0.31
*	    1758	    1795	116.65302	6.05657e-07	53		0.51
*	    2807	    3907	116.36481	6.38547e-07	36		0.37
*	    3473	    3489	116.45793	6.38547e-07	57		0.54
*	    1423	    1629	116.33189	6.38547e-07	22		0.23
*	     754	     762	116.43388	6.38547e-07	43		0.43
~	    1907	    1972	156.48407	6.52384e-07	38		0.39
*	    2111	    2121	116.09514	6.7322e-07	37		0.38
*	    2886	    3451	115.84441	7.09773e-07	45		0.45
*	    2087	    2150	115.82723	7.09773e-07	46		0.46
*	    1954	    1971	115.91544	7.09773e-07	35		0.36
*	    1020	    1034	115.53096	7.88933e-07	27		0.28
*	    4159	    4200	115.22042	8.31759e-07	26		0.27
*	    1336	    1696	115.14614	8.31759e-07	28		0.29
*	    3531	    3549	114.97104	8.76907e-07	10		0.08
*	     535	     557	114.22185	1.02757e-06	28		0.29
*	    3626	    3639	114.04824	1.08333e-06	35		0.36
*	    2309	    2743	113.93852	1.08333e-06	13		0.12
*	    3831	    3843	113.70679	1.14211e-06	10		0.08
*	    1383	    1656	113.80966	1.14211e-06	23		0.24
*	    1139	    1152	113.55499	1.20407e-06	18		0.18
*	     847	     973	113.41800	1.20407e-06	42		0.42
*	    2900	    3446	113.11593	1.26939e-06	18		0.18
*	    1379	    1660	112.37896	1.48735e-06	35		0.36
*	    2810	    3904	112.00169	1.65304e-06	22		0.23
*	     733	     789	111.68913	1.74267e-06	71		0.63
*	     632	     637	111.85736	1.74267e-06	22		0.23
*	    1769	    1787	111.50416	1.83716e-06	42		0.42
*	    2901	    3445	111.16099	1.93675e-06	12		0.11
*	    2454	    2488	111.18143	1.93675e-06	25		0.26
*	    4169	    4191	110.46422	2.26907e-06	21		0.21
*	    2043	    2186	110.18259	2.39204e-06	39		0.40
*	     745	     776	109.93758	2.52166e-06	31		0.32
*	    2303	    2748	109.90553	2.65829e-06	21		0.21
*	    1776	    1781	109.75751	2.65829e-06	40		0.41
*	    2772	    2800	109.57613	2.80232e-06	11		0.09
*	    2882	    3454	109.26449	2.95413e-06	54		0.52
*	     539	     553	109.18510	2.95413e-06	24		0.25
*	    2364	    2397	109.13803	3.11415e-06	63		0.58
*	    3671	    3707	108.58130	3.46062e-06	20		0.20
*	    1349	    1691	108.45763	3.46062e-06	20		0.20
*	     890	     895	108.64590	3.46062e-06	16		0.16
*	    4150	    4212	108.07037	3.84556e-06	10		0.08
*	     380	     518	108.00992	3.84556e-06	64		0.59
*	     176	     225	108.05942	3.84556e-06	26		0.27
*	    4125	    4219	107.88265	4.05377e-06	31		0.32
*	    2512	    2539	107.43871	4.50456e-06	12		0.11
*	    1378	    1661	106.97665	5.00537e-06	40		0.41
*	    3472	    3490	106.47212	5.56174e-06	38		0.39
*	    2036	    2193	106.33899	5.56174e-06	21		0.21
*	    1403	    1417	105.85683	6.17983e-06	10		0.08
*	    1759	    1794	105.28578	6.86646e-06	35		0.36
*	    2337	    2344	105.15851	7.23782e-06	41		0.41
*	    2050	    2178	104.83195	7.62922e-06	50		0.49
*	    2105	    2127	104.54856	8.04174e-06	31		0.32
*	    1775	    1782	104.47283	8.47651e-06	39		0.40
*	    2056	    2079	104.13228	8.93475e-06	25		0.26
*	    1955	    1970	103.73756	9.9267e-06	20		0.20
*	    1007	    1082	103.53465	1.04631e-05	22		0.23
*	      27	     692	103.41536	1.04631e-05	24		0.25
*	     293	     315	103.21277	1.10285e-05	8		0.05
*	    3810	    3819	102.96073	1.16244e-05	13		0.12
*	    3739	    3778	103.03586	1.16244e-05	10		0.08
*	    1133	    1743	102.87642	1.16244e-05	20		0.20
*	    1717	    1729	102.51352	1.29142e-05	51		0.50
*	     428	     485	102.22338	1.36117e-05	44		0.44
~	    3403	    3421	141.86186	1.50775e-05	57		0.54
*	    2899	    3447	101.43765	1.59378e-05	11		0.09
*	    3808	    3821	101.05713	1.7705e-05	24		0.25
*	    3625	    3640	100.80464	1.86605e-05	40		0.41
*	    2427	    2717	100.77128	1.86605e-05	14		0.13
*	    3570	    3586	100.44959	1.96675e-05	23		0.24
*	     709	     811	100.57194	1.96675e-05	26		0.27
*	    2307	    2745	99.95540	2.1847e-05	9		0.07
*	    1347	    1693	99.70829	2.30255e-05	16		0.16
*	    2088	    2149	99.38661	2.42674e-05	34		0.35
*	    2668	    2688	99.18268	2.55761e-05	10		0.08
*	    1761	    1792	99.29713	2.55761e-05	20		0.20
*	    1381	    1658	99.07147	2.69552e-05	39		0.40
*	    1925	    1933	98.77234	2.84085e-05	28		0.29
*	    1309	    1320	98.76629	2.84085e-05	16		0.16
*	     734	     788	98.46645	2.99399e-05	46		0.46
*	    3681	    3700	98.29382	3.15536e-05	17		0.17
*	    3650	    3655	97.46656	3.69342e-05	15		0.14
*	    2881	    3455	97.59397	3.69342e-05	55		0.53
*	    1327	    1705	97.55171	3.69342e-05	39		0.40
*	    1025	    1030	97.20265	3.89238e-05	29		0.30
*	     848	     972	97.39873	3.89238e-05	44		0.44
*	    2330	    2352	97.07792	4.10203e-05	18		0.18
*	    2498	    2551	96.72453	4.32294e-05	2		0.00
*	    3933	    3959	96.27980	4.80098e-05	47		0.46
*	    2112	    2120	96.34141	4.80098e-05	16		0.16
*	    1838	    1849	96.26562	4.80098e-05	24		0.25
*	    3935	    3957	96.06246	5.05942e-05	14		0.13
*	    2871	    3463	96.11113	5.05942e-05	39		0.40
*	    1372	    1666	96.04891	5.05942e-05	30		0.31
*	    3677	    3701	95.90304	5.33172e-05	22		0.23
*	      24	     695	95.73294	5.33172e-05	22		0.23
*	      36	     683	95.73944	5.33172e-05	20		0.20
*	    2429	    2715	95.64495	5.61864e-05	31		0.32
*	    3800	    3850	95.04364	6.23948e-05	14		0.13
*	    1974	    2239	95.06332	6.23948e-05	16		0.16
*	    1195	    1229	94.51514	6.9287e-05	61		0.57
*	      47	     608	94.20943	7.69379e-05	22		0.23
*	     751	     765	93.75120	8.10736e-05	41		0.41
*	    1864	    2266	93.67670	8.54308e-05	23		0.24
*	    2556	    2568	92.60446	0.000105322	14		0.13
~	     581	    3693	132.87729	0.000107666	31		0.32
*	    3932	    3960	92.33135	0.000110977	33		0.34
*	    3517	    3525	92.23674	0.000116936	8		0.05
*	    2357	    2407	92.15042	0.000116936	14		0.13
*	    2880	    3456	91.73109	0.000129825	44		0.44
*	    2467	    2473	91.75825	0.000129825	20		0.20
*	    1878	    1898	91.25014	0.00014413	23		0.24
*	    3873	    3887	90.86330	0.000151861	12		0.11
*	    1875	    1901	91.01428	0.000151861	10		0.08
*	     912	     932	90.89777	0.000151861	48		0.47
~	      70	     104	130.92338	0.000164621	16		0.16
*	     834	    1813	89.60307	0.000197171	6		0.03
*	    2502	    2549	89.45266	0.000207735	8		0.05
*	    1204	    1223	89.20978	0.000218862	27		0.28
*	    1198	    1227	88.83667	0.000230583	37		0.38
*	     572	     589	89.01224	0.000230583	29		0.30
*	    2828	    3899	88.64887	0.00024293	6		0.03
*	    1011	    1044	88.73545	0.00024293	20		0.20
*	    2854	    3510	88.51972	0.000255934	19		0.19
*	     994	    1110	88.23781	0.000269632	20		0.20
*	     538	     554	87.65421	0.000299256	20		0.20
*	    1005	    1084	87.51891	0.000315261	37		0.38
*	    1328	    1704	87.04414	0.000349875	10		0.08
*	     470	     480	86.94722	0.000349875	8		0.05
*	    3931	    3961	86.50584	0.00038827	10		0.08
*	    1917	    1943	86.11683	0.000430859	15		0.14
*	    1879	    1897	86.02845	0.000430859	16		0.16
*	    3532	    3548	85.68488	0.000453866	17		0.17
~	    3649	    3656	125.94692	0.000475532	16		0.16
*	    2864	    3499	85.49275	0.000478095	26		0.27
*	    1855	    2288	85.47584	0.000478095	14		0.13
*	    1754	    1800	85.13151	0.000530483	11		0.09
*	    1350	    1690	85.07209	0.000530483	24		0.25
*	     133	     140	84.97466	0.000530483	20		0.20
*	    1373	    1665	84.85783	0.000558781	23		0.24
*	    2808	    3906	84.53548	0.000588581	22		0.23
*	    2844	    3725	84.42368	0.000588581	17		0.17
*	    3573	    3583	84.23230	0.000619962	21		0.21
*	    1371	    1667	84.14392	0.000653007	25		0.26
*	     235	     261	84.05750	0.000653007	16		0.16
*	    2023	    2209	83.83756	0.000687804	52		0.50
*	    1287	    1297	83.92385	0.000687804	22		0.23
*	    2428	    2716	83.31041	0.000763028	23		0.24
*	     724	     800	83.07832	0.000803654	30		0.31
*	      90	     117	82.08596	0.000988826	14		0.13
*	     843	     976	81.73464	0.0010414	33		0.34
*	    2859	    3504	81.48565	0.00109675	9		0.07
*	    1022	    1032	81.40530	0.00115502	34		0.35
*	    2302	    2749	80.69515	0.00134895	25		0.26
*	     982	    1125	79.88216	0.0015752	4		0.00
*	    1050	    1076	79.75397	0.0016587	20		0.20
*	    3795	    3857	79.04300	0.00183911	10		0.08
*	    2102	    2132	78.98868	0.0019365	40		0.41
*	    2888	    3449	78.58919	0.002039	15		0.14
*	    2359	    2405	78.32792	0.00214689	13		0.12
*	    1174	    1249	78.23652	0.00226044	31		0.32
*	    3673	    3705	77.88058	0.00237996	17		0.17
*	     851	     969	78.00590	0.00237996	24		0.25
*	    1278	    1303	77.77750	0.00250574	15		0.14
*	    2432	    2711	77.45906	0.00263812	15		0.14
*	      29	     690	77.37640	0.00263812	12		0.11
*	    1351	    1689	77.08633	0.00277743	23		0.24
*	    1854	    2289	76.64407	0.00307832	6		0.03
*	    1393	    1650	76.34463	0.00324067	6		0.03
*	    3594	    3602	75.42692	0.00397946	15		0.14
*	    1193	    1231	75.50614	0.00397946	23		0.24
*	     909	     935	75.24592	0.00418887	41		0.41
*	     411	     502	75.23687	0.00418887	37		0.38
*	    2842	    3726	74.85591	0.00440919	14		0.13
~	    2889	    3414	115.36842	0.00463268	16		0.16
*	    3872	    3888	74.70815	0.00464098	8		0.05
*	    2040	    2189	74.61785	0.00464098	47		0.46
*	    1194	    1230	74.82803	0.00464098	36		0.37
*	      21	     699	74.74283	0.00464098	32		0.33
*	    4129	    4143	74.51751	0.00488484	7		0.04
*	    3919	    4072	73.89670	0.00541125	15		0.14
*	    2358	    2406	73.89784	0.00541125	8		0.05
*	    2296	    2751	73.29806	0.00630788	26		0.27
*	     992	    1112	72.43302	0.00735124	32		0.33
~	    3411	    3414	113.17520	0.00745395	23		0.24
~	    2889	    3411	113.17520	0.00745395	23		0.24
*	      54	     602	72.36992	0.0077356	19		0.19
*	    4158	    4201	71.80904	0.00856489	12		0.11
*	    3792	    3862	71.74054	0.00856489	4		0.00
*	    1008	    1081	71.45373	0.00901188	17		0.17
*	    2455	    2487	71.17526	0.0094819	24		0.25
*	     844	     975	71.07526	0.0099761	47		0.46
*	    1169	    1254	70.70072	0.0104957	11		0.09
*	    1199	    1226	70.61751	0.011042	34		0.35
*	    2520	    2531	70.27181	0.0116163	23		0.24
*	    1772	    1784	70.33857	0.0116163	6		0.03
*	     177	     224	70.28736	0.0116163	12		0.11
*	    1324	    1708	70.09394	0.0122201	6		0.03
*	    3937	    3955	69.25108	0.0142231	20		0.20
*	    1160	    1265	69.40218	0.0142231	40		0.41
*	    2162	    2170	69.14369	0.0149601	25		0.26
~	     580	    3694	109.74444	0.0156097	37		0.38
*	    3979	    4002	68.76058	0.0157347	14		0.13
*	     708	     812	68.81974	0.0157347	9		0.07
*	    3516	    3526	68.06594	0.0183028	10		0.08
*	    2879	    3457	68.00272	0.0183028	36		0.37
*	    1774	    1783	68.08819	0.0183028	9		0.07
*	    2092	    2147	67.37737	0.0212817	49		0.48
*	    4157	    4202	67.19556	0.0223767	28		0.29
*	    3796	    3854	67.18901	0.0223767	4		0.00
*	    2338	    2343	67.16621	0.0223767	12		0.11
*	    1635	    1642	66.87895	0.0235268	10		0.08
~	    2658	    2689	107.73736	0.0238041	12		0.11
~	    2658	    2667	107.73736	0.0238041	12		0.11
*	    2813	    3901	66.75471	0.0247348	26		0.27
*	    1910	    2241	66.47802	0.0260036	28		0.29
*	    2046	    2182	65.81954	0.028735	43		0.43
*	    1377	    1662	65.85564	0.028735	14		0.13
*	    3622	    3643	65.45970	0.0317463	32		0.33
*	    1052	    1074	64.94657	0.0350649	14		0.13
*	    2907	    3428	64.69962	0.0368486	26		0.27
*	    2053	    2082	64.67704	0.0368486	18		0.18
~	     826	    3855	105.43432	0.0403204	12		0.11
*	    4127	    4217	63.58969	0.0449087	25		0.26
*	    3925	    4061	63.78341	0.0449087	24		0.25
*	    4031	    4047	63.73099	0.0449087	13		0.12
*	    2770	    2802	63.70383	0.0449087	7		0.04
*	    2863	    3500	63.10597	0.0495564	32		0.33

# The given structure
# SS_cons :::::{{{{,,,,,,,,,,{{-{{{{{{{{-----{{{,,,{{{{{{{{---{{,,,,,,
#
# SS_cons ,((((<<<________>>>,,,,,,<<<<<<---<<<_________>>>------>>>>>
#
# SS_cons >,,,)))),,,<<<____>>>,,,,,,,,,,,,,,,,,,,,,,,,,,,,,,,,,<<<<<_
#
# SS_cons _________________________________________>>>>>,,,,,,<<<<<<--
#
# SS_cons ---<<____>>------>>>>>->,,,,,,,,,<<_________>>,,,<<<<<------
#
# SS_cons <<_____>>---->>>>>,,,[[[[,,,,<<<-------<<<<_______>>>>------
#
# SS_cons ---->>>,,,,,,,,,,,,((((------------------------((((---------
#
# SS_cons -----(((,,,<--<-<<-<__________>>>->--->,,,<___>,<<<_______>>
#
# SS_cons >,,,)))--------------))))--------)-))),,,,,,,,,,,,,,,,<<<<<<
#
# SS_cons <_________>>>>>>>,,,,,,,,,,,,,,<<<<<________>>>>>,,]]]],,,,,
#
# SS_cons ,}}--}}}}}}-}},,,,,,,,,,,,,,,,<<____>>,,,,}}----------------
#
# SS_cons ----------------------}-----}}}}}}}}--}},,,,,,,<<<<-<<<<<<--
#
# SS_cons --<<--------<<<<<<<-----<-----<<<<<_____>>>>>---------->----
#
# SS_cons ->>->>>>>---------->>->>>>>>>>>>,,<<<<________>>>>{{{{{{,,,,
#
# SS_cons ((((-(((((((((,,,<<<<--<<<<_______>>>>--->>>>,,,<<____>>,,,,
#
# SS_cons ,<<<<---<<<<___________________>>>>--->>>>,,,<<<<_______>>>>
#
# SS_cons ,,,,,))))))))))))),,[[-[---[[[-[[[,,,((((((((((((,<<<<---<<<
#
# SS_cons <<<-<____>>>>>>>---->>>>,,,,,<<<<-<<-<<________>>>>->>>>,,)-
#
# SS_cons ))))))))))),<<<_____>>>,,,,,,]]]]]]-------]-]],,[[[[[[,,,,<<
#
# SS_cons <<<____>>>>>,<<<<<<<---<<<--<<<<<<<<----<<<-----<<<<<<<-<<<-
#
# SS_cons ---<<<<<<_______>>>>>->-->>>>>>>>>>--->>->---->>>>>>>>>>>---
#
# SS_cons ---->>>>>>-->,,,<<-<-<<<<-<<_______>>>>>>>>>,,,,<<<______>>>
#
# SS_cons ,,,(((((((---(((-------(-((((((-------------------(((-((((((
#
# SS_cons ((((-------(((((,<<<--<<<_________>>>-->>><_________________
#
# SS_cons ____________________________________________________________
#
# SS_cons ____________________________________________________________
#
# SS_cons ____________________________________________________________
#
# SS_cons ________><---<<______>>->,)))))---)))))))))))))-------------
#
# SS_cons --------))))))))))---)))))))<<-<-<<<<___________>>>>>-->>,,,
#
# SS_cons ,]]]-]]-]<-<<<<<<<<<<------<<<<<-<<<____>>>>>>>>--->>>>>>->>
#
# SS_cons >>-->,,,,,}}}}}},,,,,,,,,,,,,,,,,<<<<<<________>>>>>>{{{{,,,
#
# SS_cons ,,{{{{,,,{{,,,<<<<<<----<<______>>->>>>>>,,,,,,[[[,<<---<<<<
#
# SS_cons <<<<<_______>>>-->>>>>>----->>,,,<<<<<________>>>>>,,((-((((
#
# SS_cons ((----------------------------------------(((---------((((((
#
# SS_cons (((--(((((,<<<<<<____________________>>>>>>,,,<<-<-<-------<
#
# SS_cons -<<<<<<<<-<<<_____>>>->>>>>>>-->>------------->>>>,,,,,,,,,,
#
# SS_cons ,<_______>,,,,,,,)))))---)))))))))------------)))-----------
#
# SS_cons ---------)))))))--),]]],,}},,,,,<<______>>,}}}},<<<<_______>
#
# SS_cons >>->,}}}},,,{{{{-----{{{{-{{{{-{{{,,,,,,,,,,,,,,<<<<<---<<__
#
# SS_cons __>>---->>>>><<<<<<<--<<________________________________>>--
#
# SS_cons --->>>>>>><___>,,,,,,,[[[-[[[[[[,,<<<_________>>>,,,<<<<<<<<
#
# SS_cons <--<<<<_____>>>>-->-->>>>>>>>,,((((,<<<--<<<<<<<--<<<----<<<
#
# SS_cons <<______>>>>>---->>>>>>>>-->>>>><<<<<<_______>>>>>><________
#
# SS_cons ___________________________________________________>,,,,,,,,
#
# SS_cons ,,,,,,,,,,,,,,,,,,,,,,<<<<<<___________________>>>>>>,,,,,,,
#
# SS_cons ,,,)))),,,]]-]]]]]]],,,,,,,,,,,,,,,,,}}}-}}}}}}}}-}}}},,,,,,
#
# SS_cons ,,,,,,,,<<<<<_________________________>>>>>,,{{{{{{{{-------
#
# SS_cons ------{{{-{{,,,,,,{{{{-{{{{{{{,((((---(((((((,,<<<<<<-<<-<<<
#
# SS_cons <<-<<<<<---------<<<<<--<<<---------------------------------
#
# SS_cons ------------------------------------------------------------
#
# SS_cons ------------------------------------------------------------
#
# SS_cons ------------------------------------------------------------
#
# SS_cons ------------------------------------------------------------
#
# SS_cons ------------------------------------------------------------
#
# SS_cons ------------------------------------------------------------
#
# SS_cons ------------------------------------------------------------
#
# SS_cons --------------------------------------------<<<<<______>>>>>
#
# SS_cons ------->>>------------->>>>>>>>>>>>>>>>>>>>>>>,,,<<<<_______
#
# SS_cons ________>>>>,,,,,)))))))----)))),,<<<<_____>>>-><<<<<<______
#
# SS_cons _____>>>>>>,,[[,,,,((((((<<-<<<<<<_______>>>>>>--->><<______
#
# SS_cons _>>,,,,,)))))),,,,<<<<<<<<<__________>>>>>>>>>,<-<____>->,]]
#
# SS_cons ,,,,,,,,,,<<<<<-<---<<<<____________>>>>>>->>>>,,,,,,,,,}}}}
#
# SS_cons }--}}}}}},,,,,,,,<<<-<<<<<<<<---<<_______>>--->>>>>>>-->>>>,
#
# SS_cons ,,,,,,,,,(((((((((((,,<<--<<<<<______>>>>>---->>,<<<<<_____>
#
# SS_cons >>>>,,,,,)))))--)--))))-),,,,,<<<<<<<____>>>->>>>,,,,}}--}}}
#
# SS_cons }}}}}}}},,,,,,((((((((--((((,,<<<<<<<<_______________>>>>>>>
#
# SS_cons ><<<<<---<<<----<<<<<<<<<<_____>>>>>--->>>>>---->>>->>>>>,,,
#
# SS_cons <<<-----<<<<<___________>>>>>---->>>,))))-------)))))))),,,,
#
# SS_cons ,,,,,,,,,,,,,,,,,,,,,,,,,,,,,,,,,,,,,,,,,,,((((<<<<<_______>
#
# SS_cons >>>>,,,,<<<<<<<<<<<--<--<<<<<--<______________>--->>>>>>--->
#
# SS_cons >>-->>>>>->>>,,,)))),,,,,,,}}}}:::::
#

# Power analysis of given structure 
#
# covary  left_pos      right_pos    substitutions      power
#----------------------------------------------------------------
     *    6		4231		78		0.67
     *    7		4230		63		0.58
     *    8		4229		67		0.61
     *    9		4228		58		0.55
          20		700		32		0.33
     *    21		699		32		0.33
          23		696		6		0.03
     *    24		695		22		0.23
     *    25		694		35		0.36
     *    26		693		62		0.57
     *    27		692		24		0.25
     *    28		691		26		0.27
     *    29		690		12		0.11
          30		689		15		0.14
     *    36		683		20		0.20
          37		644		6		0.03
          38		643		9		0.07
          42		614		0		0.00
          43		613		0		0.00
          44		611		11		0.09
          45		610		1		0.00
     *    46		609		16		0.16
     *    47		608		22		0.23
     *    48		607		22		0.23
          49		606		12		0.11
     *    53		603		61		0.57
     *    54		602		19		0.19
          62		128		18		0.18
          63		127		4		0.00
          64		126		2		0.00
     *    65		125		28		0.29
          66		79		2		0.00
          67		78		0		0.00
          68		77		6		0.03
          86		121		4		0.00
     *    87		120		40		0.41
     *    88		119		49		0.48
     *    89		118		56		0.53
     *    90		117		14		0.13
          91		116		0		0.00
          95		109		12		0.11
     *    96		108		22		0.23
          97		107		26		0.27
          132		141		39		0.40
     *    133		140		20		0.20
          134		139		3		0.00
     *    175		226		33		0.34
     *    176		225		26		0.27
     *    177		224		12		0.11
     *    178		223		25		0.26
     *    179		222		38		0.39
          233		264		3		0.00
     *    234		262		28		0.29
     *    235		261		16		0.16
     *    236		260		38		0.39
     *    237		259		18		0.18
     *    238		258		32		0.33
          244		251		2		0.00
          245		250		0		0.00
     *    274		286		45		0.45
          275		285		4		0.00
     *    290		318		41		0.41
     *    291		317		18		0.18
          292		316		4		0.00
     *    293		315		8		0.05
          294		314		36		0.37
          301		309		18		0.18
     *    302		308		31		0.32
          322		595		0		0.00
          323		594		4		0.00
     *    324		593		32		0.33
     *    325		592		20		0.20
          330		367		0		0.00
          331		366		19		0.19
          332		365		4		0.00
     *    340		354		60		0.56
     *    341		353		57		0.54
     *    342		352		53		0.51
     *    343		351		44		0.44
     *    380		518		64		0.59
     *    381		517		64		0.59
     *    382		516		75		0.65
     *    383		514		48		0.47
     *    408		505		60		0.56
     *    409		504		73		0.64
     *    410		503		76		0.66
     *    411		502		37		0.38
     *    426		487		39		0.40
     *    427		486		48		0.47
     *    428		485		44		0.44
     *    432		459		45		0.45
     *    435		455		53		0.51
     *    437		453		58		0.55
     *    438		452		63		0.58
          440		451		20		0.20
          463		467		8		0.05
          469		481		8		0.05
     *    470		480		8		0.05
          471		479		1		0.00
     *    535		557		28		0.29
          536		556		11		0.09
     *    537		555		24		0.25
     *    538		554		20		0.20
     *    539		553		24		0.25
     *    540		552		25		0.26
     *    541		551		18		0.18
     *    572		589		29		0.30
          573		588		4		0.00
          574		587		13		0.12
     *    575		586		40		0.41
          576		585		6		0.03
     *    631		638		16		0.16
     *    632		637		22		0.23
     *    708		812		9		0.07
     *    709		811		26		0.27
     *    710		810		38		0.39
     *    711		809		42		0.42
     *    713		808		61		0.57
          714		807		39		0.40
          715		806		0		0.00
          716		805		0		0.00
     *    717		804		49		0.48
          718		803		40		0.41
          723		801		5		0.01
     *    724		800		30		0.31
     *    733		789		71		0.63
     *    734		788		46		0.46
     *    735		787		60		0.56
     *    736		786		69		0.62
     *    737		785		72		0.64
     *    738		783		58		0.55
          739		782		47		0.46
     *    745		776		31		0.32
     *    751		765		41		0.41
     *    752		764		55		0.53
     *    753		763		62		0.57
     *    754		762		43		0.43
     *    755		761		36		0.37
          815		830		25		0.26
          816		829		0		0.00
          817		828		4		0.00
          818		827		0		0.00
          831		1816		23		0.24
          832		1815		8		0.05
          833		1814		4		0.00
     *    834		1813		6		0.03
          835		1812		12		0.11
          836		1811		4		0.00
     *    841		978		27		0.28
     *    842		977		30		0.31
     *    843		976		33		0.34
     *    844		975		47		0.46
     *    846		974		44		0.44
     *    847		973		42		0.42
     *    848		972		44		0.44
     *    849		971		54		0.52
     *    850		970		36		0.37
     *    851		969		24		0.25
          852		968		0		0.00
          853		967		8		0.05
          854		966		2		0.00
          858		885		0		0.00
     *    859		884		29		0.30
          860		883		22		0.23
          861		882		1		0.00
     *    864		878		28		0.29
     *    865		877		37		0.38
     *    866		876		44		0.44
     *    867		875		30		0.31
          889		896		0		0.00
     *    890		895		16		0.16
     *    902		942		16		0.16
     *    903		941		34		0.35
     *    904		940		32		0.33
          905		939		13		0.12
     *    909		935		41		0.41
     *    910		934		39		0.40
     *    911		933		42		0.42
     *    912		932		48		0.47
     *    946		960		16		0.16
          947		959		5		0.01
          948		958		2		0.00
     *    949		957		29		0.30
          981		1126		2		0.00
     *    982		1125		4		0.00
          984		1123		0		0.00
          988		1115		0		0.00
          989		1114		2		0.00
     *    990		1113		34		0.35
     *    992		1112		32		0.33
     *    993		1111		33		0.34
     *    994		1110		20		0.20
          998		1091		0		0.00
          999		1090		4		0.00
          1000		1089		6		0.03
     *    1001		1088		42		0.42
     *    1002		1087		37		0.38
          1003		1086		0		0.00
     *    1004		1085		31		0.32
     *    1005		1084		37		0.38
          1006		1083		18		0.18
     *    1007		1082		22		0.23
     *    1008		1081		17		0.17
          1009		1079		12		0.11
     *    1011		1044		20		0.20
          1012		1043		6		0.03
     *    1013		1042		38		0.39
          1014		1041		16		0.16
          1018		1036		1		0.00
     *    1019		1035		26		0.27
     *    1020		1034		27		0.28
     *    1021		1033		32		0.33
     *    1022		1032		34		0.35
     *    1023		1031		37		0.38
     *    1025		1030		29		0.30
     *    1050		1076		20		0.20
     *    1051		1075		39		0.40
     *    1052		1074		14		0.13
          1053		1073		17		0.17
     *    1055		1071		29		0.30
     *    1056		1070		29		0.30
          1058		1069		5		0.01
     *    1059		1068		15		0.14
          1093		1103		9		0.07
          1094		1102		4		0.00
          1095		1101		19		0.19
          1129		1749		0		0.00
          1130		1747		2		0.00
     *    1131		1746		30		0.31
     *    1132		1744		32		0.33
     *    1133		1743		20		0.20
          1134		1742		6		0.03
     *    1139		1152		18		0.18
     *    1140		1151		18		0.18
     *    1141		1150		25		0.26
     *    1142		1149		26		0.27
          1143		1148		11		0.09
          1154		1273		12		0.11
          1155		1270		13		0.12
          1156		1269		21		0.21
     *    1157		1268		59		0.55
     *    1158		1267		64		0.59
     *    1159		1266		36		0.37
     *    1160		1265		40		0.41
          1164		1257		20		0.20
     *    1165		1256		26		0.27
          1166		1255		33		0.34
     *    1169		1254		11		0.09
     *    1170		1253		34		0.35
     *    1171		1252		59		0.55
     *    1172		1251		50		0.49
          1173		1250		29		0.30
     *    1174		1249		31		0.32
          1175		1248		26		0.27
     *    1176		1247		37		0.38
          1181		1242		4		0.00
          1182		1240		4		0.00
          1183		1239		0		0.00
          1189		1235		7		0.04
          1190		1234		4		0.00
          1191		1233		14		0.13
          1192		1232		23		0.24
     *    1193		1231		23		0.24
     *    1194		1230		36		0.37
     *    1195		1229		61		0.57
     *    1197		1228		59		0.55
     *    1198		1227		37		0.38
     *    1199		1226		34		0.35
     *    1204		1223		27		0.28
          1205		1221		24		0.25
     *    1206		1220		27		0.28
     *    1207		1219		39		0.40
     *    1208		1218		54		0.52
     *    1209		1217		44		0.44
          1277		1304		5		0.01
     *    1278		1303		15		0.14
     *    1280		1302		28		0.29
     *    1282		1301		46		0.46
     *    1283		1300		39		0.40
     *    1284		1299		39		0.40
     *    1285		1298		24		0.25
     *    1287		1297		22		0.23
          1288		1296		18		0.18
     *    1309		1320		16		0.16
          1310		1319		5		0.01
          1311		1318		5		0.01
     *    1324		1708		6		0.03
     *    1325		1707		40		0.41
     *    1326		1706		53		0.51
     *    1327		1705		39		0.40
     *    1328		1704		10		0.08
          1329		1703		2		0.00
          1330		1702		0		0.00
          1334		1698		3		0.00
          1335		1697		0		0.00
     *    1336		1696		28		0.29
     *    1344		1695		25		0.26
     *    1346		1694		30		0.31
     *    1347		1693		16		0.16
     *    1348		1692		32		0.33
     *    1349		1691		20		0.20
     *    1350		1690		24		0.25
     *    1351		1689		23		0.24
     *    1371		1667		25		0.26
     *    1372		1666		30		0.31
     *    1373		1665		23		0.24
          1375		1664		5		0.01
          1376		1663		3		0.00
     *    1377		1662		14		0.13
     *    1378		1661		40		0.41
     *    1379		1660		35		0.36
     *    1380		1659		47		0.46
     *    1381		1658		39		0.40
          1382		1657		22		0.23
     *    1383		1656		23		0.24
          1384		1655		0		0.00
          1392		1651		17		0.17
     *    1393		1650		6		0.03
     *    1394		1649		15		0.14
          1395		1648		7		0.04
          1396		1647		1		0.00
          1398		1422		6		0.03
          1399		1421		4		0.00
          1400		1420		2		0.00
     *    1403		1417		10		0.08
          1404		1416		0		0.00
          1405		1415		2		0.00
     *    1423		1629		22		0.23
     *    1630		1645		16		0.16
          1634		1643		6		0.03
     *    1635		1642		10		0.08
     *    1709		1737		49		0.48
     *    1710		1736		46		0.46
     *    1712		1733		35		0.36
     *    1714		1732		47		0.46
     *    1715		1731		30		0.31
     *    1716		1730		63		0.58
     *    1717		1729		51		0.50
          1750		1805		0		0.00
     *    1752		1802		30		0.31
     *    1753		1801		46		0.46
     *    1754		1800		11		0.09
     *    1755		1799		45		0.45
          1756		1797		27		0.28
     *    1757		1796		61		0.57
     *    1758		1795		53		0.51
     *    1759		1794		35		0.36
          1760		1793		0		0.00
     *    1761		1792		20		0.20
          1768		1788		0		0.00
     *    1769		1787		42		0.42
     *    1770		1786		43		0.43
     *    1771		1785		21		0.21
     *    1772		1784		6		0.03
     *    1774		1783		9		0.07
     *    1775		1782		39		0.40
     *    1776		1781		40		0.41
          1834		1853		14		0.13
     *    1835		1852		32		0.33
     *    1836		1851		43		0.43
     *    1837		1850		32		0.33
     *    1838		1849		24		0.25
          1839		1848		1		0.00
     *    1854		2289		6		0.03
     *    1855		2288		14		0.13
          1856		2287		2		0.00
          1857		2286		0		0.00
          1863		2267		5		0.01
     *    1864		2266		23		0.24
          1865		2265		13		0.12
          1866		2264		13		0.12
          1870		2247		1		0.00
          1871		2246		0		0.00
     *    1875		1901		10		0.08
          1876		1900		2		0.00
     *    1877		1899		18		0.18
     *    1878		1898		23		0.24
     *    1879		1897		16		0.16
          1880		1896		4		0.00
          1885		1894		19		0.19
          1886		1893		4		0.00
          1908		2243		0		0.00
          1909		2242		0		0.00
     *    1910		2241		28		0.29
          1912		1950		0		0.00
          1913		1949		0		0.00
     *    1917		1943		15		0.14
     *    1918		1942		54		0.52
     *    1919		1941		47		0.46
     *    1920		1940		65		0.59
     *    1921		1939		48		0.47
     *    1922		1938		62		0.57
          1923		1935		37		0.38
          1924		1934		10		0.08
     *    1925		1933		28		0.29
     *    1954		1971		35		0.36
     *    1955		1970		20		0.20
     *    1956		1969		42		0.42
          1957		1968		8		0.05
          1958		1967		2		0.00
     *    1974		2239		16		0.16
     *    1975		2236		60		0.56
     *    1977		2235		55		0.53
     *    1978		2234		54		0.52
     *    1979		2233		67		0.61
     *    1980		2232		59		0.55
     *    1981		2231		44		0.44
     *    1982		2230		44		0.44
     *    2023		2209		52		0.50
     *    2024		2208		40		0.41
          2025		2207		36		0.37
          2035		2194		18		0.18
     *    2036		2193		21		0.21
     *    2037		2192		31		0.32
          2038		2191		3		0.00
          2039		2190		34		0.35
     *    2040		2189		47		0.46
          2041		2188		16		0.16
          2042		2187		6		0.03
     *    2043		2186		39		0.40
     *    2046		2182		43		0.43
          2047		2181		35		0.36
     *    2048		2180		43		0.43
     *    2049		2179		74		0.65
     *    2050		2178		50		0.49
          2052		2083		34		0.35
     *    2053		2082		18		0.18
     *    2054		2081		30		0.31
     *    2055		2080		34		0.35
     *    2056		2079		25		0.26
     *    2057		2078		40		0.41
     *    2087		2150		46		0.46
     *    2088		2149		34		0.35
     *    2090		2148		57		0.54
     *    2092		2147		49		0.48
     *    2100		2133		59		0.55
     *    2102		2132		40		0.41
     *    2103		2129		52		0.50
     *    2104		2128		40		0.41
     *    2105		2127		31		0.32
          2106		2126		6		0.03
          2107		2125		0		0.00
          2108		2124		2		0.00
          2109		2123		10		0.08
     *    2111		2121		37		0.38
     *    2112		2120		16		0.16
          2113		2119		10		0.08
     *    2162		2170		25		0.26
          2253		2262		0		0.00
          2254		2261		7		0.04
          2269		2284		9		0.07
          2270		2282		22		0.23
          2271		2281		7		0.04
     *    2272		2280		26		0.27
     *    2293		2754		14		0.13
          2294		2753		7		0.04
          2295		2752		4		0.00
     *    2296		2751		26		0.27
     *    2302		2749		25		0.26
     *    2303		2748		21		0.21
     *    2304		2747		36		0.37
     *    2305		2746		39		0.40
     *    2307		2745		9		0.07
     *    2308		2744		22		0.23
     *    2309		2743		13		0.12
     *    2310		2742		24		0.25
          2312		2740		1		0.00
          2313		2739		0		0.00
          2314		2738		0		0.00
          2329		2353		1		0.00
     *    2330		2352		18		0.18
     *    2331		2351		24		0.25
          2332		2350		3		0.00
          2333		2349		7		0.04
     *    2337		2344		41		0.41
     *    2338		2343		12		0.11
          2354		2410		8		0.05
          2355		2409		2		0.00
          2356		2408		0		0.00
     *    2357		2407		14		0.13
     *    2358		2406		8		0.05
     *    2359		2405		13		0.12
     *    2360		2404		50		0.49
     *    2363		2398		47		0.46
     *    2364		2397		63		0.58
          2411		2415		11		0.09
          2423		2720		11		0.09
          2424		2719		11		0.09
     *    2425		2718		31		0.32
     *    2427		2717		14		0.13
     *    2428		2716		23		0.24
     *    2429		2715		31		0.32
          2430		2714		8		0.05
          2431		2712		12		0.11
     *    2432		2711		15		0.14
          2435		2449		1		0.00
          2436		2448		2		0.00
          2437		2447		1		0.00
          2453		2489		15		0.14
     *    2454		2488		25		0.26
     *    2455		2487		24		0.25
     *    2456		2486		14		0.13
     *    2457		2485		20		0.20
          2458		2484		14		0.13
     *    2459		2483		29		0.30
          2460		2482		6		0.03
          2461		2479		0		0.00
          2464		2476		12		0.11
     *    2465		2475		24		0.25
          2466		2474		9		0.07
     *    2467		2473		20		0.20
          2492		2707		23		0.24
     *    2493		2706		21		0.21
          2494		2705		4		0.00
          2495		2704		4		0.00
          2497		2552		0		0.00
     *    2498		2551		2		0.00
          2499		2550		10		0.08
     *    2502		2549		8		0.05
          2503		2548		2		0.00
          2504		2545		4		0.00
     *    2505		2544		16		0.16
     *    2506		2543		45		0.45
          2507		2542		10		0.08
          2508		2541		0		0.00
     *    2511		2540		18		0.18
     *    2512		2539		12		0.11
          2513		2538		1		0.00
          2518		2533		22		0.23
          2519		2532		15		0.14
     *    2520		2531		23		0.24
     *    2521		2530		36		0.37
     *    2522		2529		31		0.32
          2553		2571		0		0.00
          2554		2570		0		0.00
          2555		2569		4		0.00
     *    2556		2568		14		0.13
          2557		2567		0		0.00
          2558		2566		0		0.00
          2572		2632		0		0.00
          2663		2693		2		0.00
     *    2664		2692		18		0.18
          2665		2691		0		0.00
          2666		2690		3		0.00
     *    2667		2689		10		0.08
     *    2668		2688		10		0.08
     *    2769		2803		31		0.32
     *    2770		2802		7		0.04
     *    2771		2801		23		0.24
     *    2772		2800		11		0.09
          2773		2799		0		0.00
          2806		3908		10		0.08
     *    2807		3907		36		0.37
     *    2808		3906		22		0.23
          2809		3905		0		0.00
     *    2810		3904		22		0.23
     *    2811		3903		27		0.28
     *    2812		3902		29		0.30
     *    2813		3901		26		0.27
          2827		3900		4		0.00
     *    2828		3899		6		0.03
          2829		3898		11		0.09
          2831		3895		2		0.00
     *    2832		3894		13		0.12
          2839		3729		2		0.00
          2840		3728		2		0.00
          2841		3727		18		0.18
     *    2842		3726		14		0.13
     *    2844		3725		17		0.17
          2845		3724		6		0.03
          2846		3721		0		0.00
          2847		3720		8		0.05
          2848		3719		4		0.00
          2849		3718		0		0.00
          2850		3717		0		0.00
          2852		3512		0		0.00
          2853		3511		0		0.00
     *    2854		3510		19		0.19
          2855		3509		3		0.00
     *    2859		3504		9		0.07
          2860		3503		3		0.00
          2861		3502		10		0.08
          2862		3501		9		0.07
     *    2863		3500		32		0.33
     *    2864		3499		26		0.27
          2865		3498		8		0.05
          2868		3466		4		0.00
     *    2869		3465		51		0.50
     *    2870		3464		34		0.35
     *    2871		3463		39		0.40
          2872		3462		28		0.29
     *    2873		3461		45		0.45
          2875		3460		29		0.30
          2876		3459		22		0.23
          2878		3458		28		0.29
     *    2879		3457		36		0.37
     *    2880		3456		44		0.44
     *    2881		3455		55		0.53
     *    2882		3454		54		0.52
     *    2884		3453		65		0.59
     *    2885		3452		46		0.46
     *    2886		3451		45		0.45
          2887		3450		16		0.16
     *    2888		3449		15		0.14
          2898		3448		11		0.09
     *    2899		3447		11		0.09
     *    2900		3446		18		0.18
     *    2901		3445		12		0.11
          2902		3444		0		0.00
          2905		3430		6		0.03
     *    2906		3429		38		0.39
     *    2907		3428		26		0.27
     *    3405		3420		68		0.61
     *    3406		3419		68		0.61
     *    3407		3418		53		0.51
     *    3408		3417		31		0.32
          3409		3416		9		0.07
          3470		3492		5		0.01
     *    3471		3491		20		0.20
     *    3472		3490		38		0.39
     *    3473		3489		57		0.54
          3515		3528		6		0.03
     *    3516		3526		10		0.08
     *    3517		3525		8		0.05
          3518		3524		0		0.00
     *    3529		3551		26		0.27
          3530		3550		6		0.03
     *    3531		3549		10		0.08
     *    3532		3548		17		0.17
     *    3533		3547		19		0.19
          3534		3546		24		0.25
          3554		3660		7		0.04
          3555		3659		0		0.00
     *    3560		3614		20		0.20
          3561		3613		6		0.03
     *    3562		3612		36		0.37
     *    3563		3611		34		0.35
     *    3564		3610		14		0.13
          3565		3609		3		0.00
          3566		3592		0		0.00
          3567		3591		4		0.00
     *    3569		3587		36		0.37
     *    3570		3586		23		0.24
     *    3571		3585		22		0.23
          3572		3584		4		0.00
     *    3573		3583		21		0.21
          3574		3582		16		0.16
          3593		3603		4		0.00
     *    3594		3602		15		0.14
          3619		3646		2		0.00
     *    3620		3645		22		0.23
     *    3621		3644		24		0.25
     *    3622		3643		32		0.33
     *    3623		3642		19		0.19
     *    3624		3641		34		0.35
     *    3625		3640		40		0.41
     *    3626		3639		35		0.36
          3627		3638		32		0.33
     *    3648		3657		22		0.23
     *    3650		3655		15		0.14
     *    3671		3707		20		0.20
     *    3672		3706		40		0.41
     *    3673		3705		17		0.17
     *    3674		3704		22		0.23
     *    3675		3702		48		0.47
     *    3677		3701		22		0.23
     *    3681		3700		17		0.17
          3682		3699		8		0.05
          3683		3698		18		0.18
     *    3684		3697		26		0.27
          3738		3779		8		0.05
     *    3739		3778		10		0.08
          3740		3777		1		0.00
          3742		3776		0		0.00
          3743		3773		1		0.00
          3744		3772		6		0.03
     *    3745		3771		18		0.18
          3746		3770		4		0.00
     *    3747		3769		16		0.16
          3748		3768		15		0.14
          3749		3767		2		0.00
          3753		3763		3		0.00
          3754		3762		0		0.00
          3790		3865		4		0.00
          3791		3863		0		0.00
     *    3792		3862		4		0.00
          3793		3861		4		0.00
          3794		3860		1		0.00
     *    3795		3857		10		0.08
     *    3796		3854		4		0.00
          3797		3853		12		0.11
          3798		3852		8		0.05
          3799		3851		8		0.05
     *    3800		3850		14		0.13
          3803		3828		0		0.00
          3804		3827		2		0.00
          3807		3822		2		0.00
     *    3808		3821		24		0.25
     *    3809		3820		41		0.41
     *    3810		3819		13		0.12
          3811		3818		1		0.00
          3830		3844		6		0.03
     *    3831		3843		10		0.08
          3832		3842		2		0.00
          3833		3841		2		0.00
          3834		3840		15		0.14
          3871		3889		7		0.04
     *    3872		3888		8		0.05
     *    3873		3887		12		0.11
          3874		3886		0		0.00
          3875		3884		0		0.00
          3876		3883		7		0.04
          3877		3882		1		0.00
          3915		4076		45		0.45
          3916		4075		12		0.11
     *    3917		4074		45		0.45
     *    3918		4073		35		0.36
     *    3919		4072		15		0.14
     *    3920		4071		33		0.34
          3921		4070		12		0.11
          3922		4069		2		0.00
     *    3925		4061		24		0.25
          3926		4060		14		0.13
          3927		4059		11		0.09
          3928		4058		20		0.20
     *    3931		3961		10		0.08
     *    3932		3960		33		0.34
     *    3933		3959		47		0.46
     *    3934		3958		41		0.41
     *    3935		3957		14		0.13
     *    3936		3956		30		0.31
     *    3937		3955		20		0.20
          3938		3954		27		0.28
          3962		4017		20		0.20
     *    3963		4016		37		0.38
     *    3964		4015		42		0.42
          3965		4014		12		0.11
          3966		4013		6		0.03
          3970		4011		4		0.00
          3971		4010		28		0.29
          3972		4009		0		0.00
     *    3977		4004		30		0.31
          3978		4003		2		0.00
     *    3979		4002		14		0.13
          3980		4001		2		0.00
          3981		4000		5		0.01
          3982		3996		16		0.16
          3983		3995		8		0.05
          3984		3994		2		0.00
          3985		3993		12		0.11
     *    3986		3992		30		0.31
     *    4021		4056		36		0.37
     *    4022		4055		26		0.27
          4023		4054		15		0.14
     *    4029		4049		20		0.20
     *    4030		4048		28		0.29
     *    4031		4047		13		0.12
          4032		4046		0		0.00
          4033		4045		1		0.00
          4124		4220		10		0.08
     *    4125		4219		31		0.32
     *    4126		4218		41		0.41
     *    4127		4217		25		0.26
          4128		4144		56		0.53
     *    4129		4143		7		0.04
     *    4130		4142		39		0.40
     *    4131		4141		36		0.37
     *    4132		4140		34		0.35
          4149		4213		0		0.00
     *    4150		4212		10		0.08
          4151		4211		0		0.00
          4152		4209		32		0.33
     *    4153		4208		39		0.40
     *    4154		4207		45		0.45
     *    4155		4206		35		0.36
          4156		4205		6		0.03
     *    4157		4202		28		0.29
     *    4158		4201		12		0.11
     *    4159		4200		26		0.27
          4162		4196		6		0.03
          4165		4195		13		0.12
     *    4166		4194		32		0.33
     *    4167		4193		40		0.41
     *    4168		4192		45		0.45
     *    4169		4191		21		0.21
          4172		4187		0		0.00
#
# BPAIRS 786
# avg substitutions per BP  22.0
# BPAIRS expected to covary 166.2 +/- 10.3
# BPAIRS observed to covary 459
#
