# R-scape :: RNA Structural Covariation Above Phylogenetic Expectation
# R-scape 1.5.16 elenarivas@fas.harvard.edu (August 2020)
# Copyright (C) 2016-2019 Howard Hughes Medical Institute.
# Freely distributed under the GNU General Public License (GPLv3).
#-------------------------------------------------------------------------------------------------------
# MSA RF02543_LSU_rRNA_eukarya nseq 88 (88) alen 3680 (8395) avgid 65.13 (63.67) nbpairs 872 (872)
# Two-set statistical test (one test for annotated basepairs, another for all other pairs)
#
#
# Method Target_E-val [cov_min,cov_max] [FP | TP True Found | Sen PPV F] 
# GTp    0.05         [-9.78,175.09]     [8 | 391 872 399 | 44.84 97.99 61.53] 
#
#       left_pos       right_pos        score          E-value       substitutions      power
#-------------------------------------------------------------------------------------------------------
*	    6379	    6397	175.09353	1.37372e-15	47		0.46
*	    3676	    4269	173.57596	2.01374e-15	50		0.49
*	     642	    1447	161.91514	3.84475e-14	35		0.36
*	    2981	    3145	159.81120	6.28419e-14	53		0.51
*	    5000	    5006	159.39077	7.00912e-14	53		0.51
*	    7074	    7087	159.04809	7.81764e-14	38		0.39
*	    3656	    3670	159.10654	7.81764e-14	52		0.50
*	    2966	    3155	158.31646	9.20856e-14	42		0.42
*	    1684	    1751	153.92128	2.89672e-13	54		0.52
*	    2191	    2199	152.08302	4.48193e-13	51		0.50
*	    1497	    1560	151.25128	5.57486e-13	53		0.51
*	    1680	    1756	150.80246	6.2175e-13	60		0.56
*	    1679	    1757	147.63889	1.33427e-12	53		0.51
*	     475	     495	147.01654	1.57142e-12	39		0.40
*	    5687	    5733	146.91371	1.6595e-12	51		0.50
*	    2965	    3156	146.65217	1.7525e-12	53		0.51
*	    3408	    3430	146.07769	2.06397e-12	32		0.33
*	    6500	    6963	145.80099	2.17964e-12	27		0.28
*	    3897	    3906	144.66069	2.86272e-12	39		0.40
*	    6378	    6398	144.23792	3.19253e-12	24		0.25
*	    3654	    3672	142.57949	4.93782e-12	43		0.43
*	    3813	    4090	141.88478	5.81503e-12	42		0.42
*	    7793	    8217	141.06152	7.23159e-12	64		0.59
*	    6459	    6468	140.87891	7.63666e-12	36		0.37
*	    3286	    3308	139.92333	9.49676e-12	35		0.36
*	    7791	    8218	139.78369	1.00286e-11	58		0.55
*	    7659	    7680	139.54066	1.05903e-11	27		0.28
*	    7608	    7636	139.36267	1.11834e-11	39		0.40
*	    3449	    3643	138.39140	1.39069e-11	51		0.50
*	     286	     407	138.30028	1.39069e-11	64		0.59
*	    3258	    3324	137.18360	1.92842e-11	50		0.49
*	    5798	    5859	136.79152	2.03639e-11	67		0.61
*	    3861	    3947	136.88299	2.03639e-11	46		0.46
*	    3889	    3916	136.44533	2.27079e-11	36		0.37
*	    1965	    2035	136.29193	2.39793e-11	32		0.33
*	    5779	    6296	135.75862	2.67393e-11	34		0.35
*	    3958	    4052	135.52731	2.82362e-11	57		0.54
*	    3296	    3302	134.94232	3.32485e-11	39		0.40
*	    2964	    3157	134.85321	3.32485e-11	63		0.58
*	    3168	    3225	133.41075	4.86786e-11	64		0.59
*	     966	    1419	133.39949	4.86786e-11	77		0.66
*	    6501	    6962	133.03897	5.42797e-11	56		0.53
*	    2009	    2026	132.60089	6.05249e-11	24		0.25
*	    1762	    1917	132.58971	6.05249e-11	42		0.42
*	    6404	    6415	129.67576	1.2283e-10	27		0.28
*	    2113	    2908	129.55395	1.29701e-10	24		0.25
*	    4410	    4910	129.04401	1.44617e-10	63		0.58
*	    7663	    7674	128.94179	1.52706e-10	32		0.33
*	    1685	    1750	128.38514	1.70267e-10	60		0.56
*	    3267	    3316	127.78264	2.00463e-10	26		0.27
*	    7607	    7637	127.13305	2.36011e-10	33		0.34
*	    3809	    4094	127.21906	2.36011e-10	36		0.37
*	    1677	    1759	126.50722	2.77859e-10	39		0.40
*	    5881	    6280	124.99119	4.06645e-10	45		0.45
*	    3165	    3226	124.67476	4.29378e-10	69		0.62
*	     283	     410	124.37516	4.78726e-10	75		0.65
*	    8289	    8357	123.19682	6.28335e-10	52		0.50
*	    4412	    4909	123.23754	6.28335e-10	68		0.61
*	    7591	    7771	121.80675	8.70747e-10	32		0.33
*	    2947	    2958	121.99386	8.70747e-10	30		0.31
*	    3824	    4073	121.31633	1.02502e-09	58		0.55
*	    3295	    3303	121.28078	1.02502e-09	48		0.47
*	     651	    1435	121.03434	1.08229e-09	64		0.59
*	    7795	    8215	120.90719	1.14276e-09	71		0.63
*	    7600	    7749	120.31498	1.27401e-09	35		0.36
*	    8281	    8367	119.93692	1.42033e-09	32		0.33
*	    3163	    3228	119.79482	1.49968e-09	52		0.50
*	    4405	    4926	118.91419	1.86388e-09	43		0.43
*	    5653	    5764	118.53515	1.96798e-09	30		0.31
*	    3862	    3946	118.66289	1.96798e-09	64		0.59
*	    3864	    3944	118.64626	1.96798e-09	65		0.59
*	    4990	    5019	118.22360	2.19394e-09	34		0.35
*	    8282	    8366	117.13431	2.87885e-09	33		0.34
*	    3655	    3671	117.20713	2.87885e-09	31		0.32
*	     134	     187	117.02037	2.87885e-09	50		0.49
*	    3022	    3100	116.81886	3.03959e-09	25		0.26
*	    2241	    2883	116.82431	3.03959e-09	63		0.58
*	     139	     179	116.40208	3.38848e-09	69		0.62
*	    2983	    3144	115.29020	4.44595e-09	60		0.56
*	    3164	    3227	114.88295	4.95612e-09	55		0.53
*	     296	     308	114.93609	4.95612e-09	44		0.44
*	     295	     309	114.68643	5.23275e-09	55		0.53
~	    3287	    3307	150.26199	5.38235e-09	65		0.59
*	      78	     108	114.42006	5.5248e-09	32		0.33
*	    3956	    4055	114.29865	5.83313e-09	58		0.55
*	    6370	    6423	113.34176	7.24828e-09	42		0.42
*	     138	     180	113.43049	7.24828e-09	79		0.67
*	    6460	    6467	113.18040	7.65273e-09	15		0.14
*	     298	     307	112.96896	8.07972e-09	57		0.54
*	    7641	    7699	112.41562	9.50891e-09	32		0.33
*	    3719	    4255	112.25443	9.50891e-09	48		0.47
*	     964	    1421	112.19364	1.00394e-08	75		0.65
*	    7072	    7088	111.96178	1.05994e-08	12		0.11
*	    2249	    2876	111.56281	1.18149e-08	35		0.36
*	     566	     571	111.40091	1.18149e-08	19		0.19
*	    4399	    4935	111.19377	1.24739e-08	27		0.28
*	    2088	    3239	111.25603	1.24739e-08	21		0.21
*	    3812	    4091	110.18679	1.63625e-08	39		0.40
*	    5799	    5858	109.47890	1.9255e-08	72		0.64
*	    3677	    4268	109.34205	2.03286e-08	36		0.37
*	    2974	    3147	108.84747	2.26585e-08	26		0.27
*	    3362	    3379	108.47428	2.52551e-08	23		0.24
*	    5776	    6299	108.18267	2.66629e-08	35		0.36
*	     507	     521	107.84570	2.97181e-08	25		0.26
*	    7609	    7635	107.07696	3.49688e-08	22		0.23
*	    1970	    1998	107.01554	3.69175e-08	30		0.31
*	    1490	    1926	106.85283	3.69175e-08	31		0.32
*	     962	    1424	106.83709	3.69175e-08	71		0.63
*	    3044	    3057	106.77251	3.89747e-08	14		0.13
*	    7642	    7698	106.15695	4.58592e-08	34		0.35
*	    3959	    4051	105.51514	5.11113e-08	56		0.53
*	     117	     527	105.43375	5.39585e-08	27		0.28
*	    5790	    6285	104.93951	6.01372e-08	45		0.45
*	    7789	    8220	104.71038	6.34867e-08	62		0.57
*	    7096	    7489	104.59134	6.70227e-08	29		0.30
*	    3860	    3948	104.31586	7.07553e-08	23		0.24
*	     211	     454	104.32494	7.07553e-08	68		0.61
*	    1766	    1913	104.17615	7.46957e-08	33		0.34
*	    1779	    1901	104.10884	7.46957e-08	67		0.61
*	    1964	    2036	103.95247	7.88552e-08	30		0.31
*	    6486	    6967	102.99719	9.79396e-08	23		0.24
*	    2184	    2206	103.02792	9.79396e-08	34		0.35
*	    3808	    4095	102.73461	1.03392e-07	41		0.41
*	     646	    1444	102.69169	1.03392e-07	44		0.44
*	    3833	    4059	102.51290	1.09148e-07	34		0.35
*	    6369	    6424	102.38822	1.15224e-07	30		0.31
*	    8298	    8350	102.15228	1.21637e-07	20		0.20
*	    7610	    7634	102.14495	1.21637e-07	23		0.24
*	    3441	    4272	101.62149	1.35554e-07	35		0.36
*	    3818	    4079	101.69191	1.35554e-07	45		0.45
*	    3898	    3905	101.46246	1.43098e-07	26		0.27
*	    3409	    3429	101.02734	1.59468e-07	34		0.35
*	      66	      73	100.92274	1.68341e-07	30		0.31
*	    3896	    3907	100.63179	1.77707e-07	30		0.31
*	     282	     412	100.58296	1.77707e-07	61		0.57
*	    2117	    2904	100.19721	1.98031e-07	41		0.41
*	     967	    1418	99.26894	2.45908e-07	66		0.60
*	    3678	    4267	98.86368	2.74021e-07	31		0.32
*	    4404	    4928	98.61824	2.89259e-07	35		0.36
*	    3169	    3224	98.66236	2.89259e-07	46		0.46
~	    2986	    3138	134.37857	3.03884e-07	40		0.41
*	    4479	    4558	97.78469	3.59159e-07	64		0.59
*	    3262	    3319	97.53058	3.79126e-07	50		0.49
*	    1487	    1929	97.62326	3.79126e-07	53		0.51
*	    3826	    4070	97.23207	4.22446e-07	45		0.45
*	     269	     431	96.94262	4.45926e-07	79		0.67
*	    3486	    3630	96.62843	4.7071e-07	79		0.67
*	    8272	    8383	96.18076	5.2448e-07	59		0.55
*	    2244	    2880	96.36695	5.2448e-07	72		0.64
*	    8237	    8254	96.05979	5.53624e-07	47		0.46
*	    2114	    2907	95.97342	5.53624e-07	31		0.32
*	    6499	    6964	95.87082	5.84385e-07	21		0.21
*	    3810	    4093	95.32126	6.51122e-07	52		0.50
*	    5780	    6295	95.20573	6.87293e-07	37		0.38
*	    5883	    6277	94.62062	8.08297e-07	66		0.60
*	    3739	    3795	94.42078	8.53186e-07	35		0.36
*	    3825	    4071	94.01575	9.00565e-07	66		0.60
*	     963	    1423	94.12323	9.00565e-07	70		0.62
*	    5778	    6297	93.83954	9.50571e-07	40		0.41
*	    2240	    2884	93.45014	1.05906e-06	31		0.32
*	    7790	    8219	93.30694	1.11785e-06	62		0.57
*	     272	     427	92.69796	1.2454e-06	86		0.71
*	    5796	    5860	92.28204	1.38747e-06	50		0.49
*	     479	     491	92.31724	1.38747e-06	17		0.17
*	    2087	    3247	91.83370	1.54573e-06	40		0.41
*	    3738	    3796	91.62783	1.6315e-06	37		0.38
*	    8274	    8381	91.16366	1.91837e-06	33		0.34
*	     643	    1446	91.07827	1.91837e-06	52		0.50
*	     965	    1420	90.05560	2.5127e-06	79		0.67
*	    7594	    7768	89.83886	2.65201e-06	43		0.43
*	    3957	    4053	89.78890	2.65201e-06	59		0.55
*	    1486	    1930	89.47432	2.79904e-06	48		0.47
*	    4401	    4933	89.41077	2.95421e-06	23		0.24
*	    5787	    6288	88.79368	3.29078e-06	42		0.42
*	     137	     181	88.64272	3.47316e-06	66		0.60
*	    4988	    5021	88.56406	3.66563e-06	24		0.25
*	    3883	    3923	88.55123	3.66563e-06	48		0.47
*	     132	     190	88.37159	3.66563e-06	16		0.16
*	    3811	    4092	88.29661	3.86875e-06	34		0.35
*	    3170	    3223	87.97952	4.0831e-06	39		0.40
~	    2987	    3137	123.92891	4.14292e-06	40		0.41
*	    1678	    1758	87.77785	4.30931e-06	24		0.25
*	     206	     459	87.78192	4.30931e-06	35		0.36
*	    3487	    3629	87.19670	5.0658e-06	72		0.64
*	    8301	    8347	87.00052	5.34635e-06	53		0.51
*	    1966	    2033	86.44900	5.95483e-06	28		0.29
*	    4422	    4613	86.32046	6.28451e-06	56		0.53
*	    3401	    4278	86.27251	6.28451e-06	21		0.21
*	    2242	    2882	86.37319	6.28451e-06	62		0.57
*	     664	     952	86.37903	6.28451e-06	72		0.64
*	    4439	    4597	86.17384	6.63242e-06	65		0.59
*	    4424	    4611	85.88748	6.99956e-06	64		0.59
*	    5882	    6279	85.72272	7.38697e-06	62		0.57
*	    1976	    1991	85.74662	7.38697e-06	29		0.30
*	    4998	    5008	85.29999	8.2272e-06	31		0.32
*	    3161	    3231	85.25729	8.2272e-06	36		0.37
*	     140	     178	85.16610	8.2272e-06	69		0.62
*	    7012	    7034	85.07191	8.68242e-06	23		0.24
*	    4403	    4929	84.94335	8.68242e-06	32		0.33
*	    4409	    4911	84.68669	9.16279e-06	57		0.54
*	    5657	    5759	84.54197	9.66968e-06	23		0.24
*	    2963	    3158	84.62635	9.66968e-06	53		0.51
*	    2155	    2232	84.40146	1.02046e-05	18		0.18
*	    4418	    4906	83.61737	1.1993e-05	40		0.41
*	     285	     408	83.42608	1.26561e-05	61		0.57
*	     961	    1425	83.22205	1.33558e-05	57		0.54
*	    7718	    7735	82.98109	1.40941e-05	32		0.33
*	    3718	    4256	82.86151	1.48731e-05	46		0.46
*	    3459	    3465	82.89130	1.48731e-05	40		0.41
*	     209	     456	82.71652	1.48731e-05	73		0.64
*	     284	     409	82.76133	1.48731e-05	66		0.60
*	    7656	    7683	82.68450	1.56951e-05	23		0.24
*	    1488	    1928	82.31756	1.65624e-05	49		0.48
*	    1676	    1760	82.11742	1.74776e-05	35		0.36
*	    7658	    7681	82.00987	1.84432e-05	51		0.50
*	    5593	    7551	81.76714	1.9462e-05	25		0.26
*	    6437	    6447	81.76726	1.9462e-05	13		0.12
*	    6384	    6393	81.83883	1.9462e-05	9		0.07
*	    5652	    5765	80.64635	2.54628e-05	24		0.25
*	    4415	    4908	80.44209	2.68684e-05	61		0.57
*	    3260	    3322	80.45273	2.68684e-05	33		0.34
*	    4423	    4612	80.28101	2.83515e-05	40		0.41
*	     128	     197	80.11729	2.83515e-05	34		0.35
*	    7716	    7737	80.00372	2.99161e-05	26		0.27
*	    4449	    4589	79.99483	2.99161e-05	62		0.57
*	     267	     433	80.01144	2.99161e-05	79		0.67
*	    3485	    3631	79.85919	3.15669e-05	75		0.65
*	    7071	    7089	79.53978	3.33086e-05	9		0.07
~	    2190	    2200	115.39443	3.45096e-05	49		0.48
*	    2154	    2233	78.93244	3.91301e-05	16		0.16
*	    3819	    4078	78.78578	4.1288e-05	44		0.44
*	    1502	    1552	78.74100	4.1288e-05	37		0.38
*	     219	     444	78.37016	4.35645e-05	51		0.50
*	    6431	    6453	78.10474	4.85e-05	11		0.09
*	    5884	    6276	77.66200	5.39931e-05	75		0.65
*	    1485	    1931	77.42979	5.69681e-05	33		0.34
*	     668	     947	77.41992	5.69681e-05	75		0.65
*	     218	     445	77.31540	5.69681e-05	66		0.60
*	    7665	    7672	77.14211	6.01065e-05	24		0.25
*	    2250	    2875	77.05042	6.34174e-05	26		0.27
*	    4467	    4570	76.71462	6.69102e-05	70		0.62
*	    3675	    4270	76.34518	7.44817e-05	26		0.27
*	    4469	    4568	75.14670	9.73602e-05	67		0.61
*	    3162	    3229	75.27320	9.73602e-05	34		0.35
*	    8290	    8356	74.96980	0.000102716	37		0.38
*	    7794	    8216	75.04421	0.000102716	53		0.51
*	    3457	    3466	74.87523	0.000108365	29		0.30
*	    8273	    8382	74.47870	0.000114324	41		0.41
*	    4470	    4567	74.32935	0.00012061	65		0.59
*	    3019	    3103	74.27583	0.00012061	26		0.27
*	    2988	    3136	73.89288	0.000134233	25		0.26
*	     670	     945	73.96860	0.000134233	62		0.57
*	    3820	    4077	73.78576	0.00014161	52		0.50
*	    4454	    4586	72.55404	0.000185012	77		0.66
*	    4478	    4559	72.70279	0.000185012	70		0.62
*	    1566	    1573	72.63687	0.000185012	26		0.27
*	     641	    1448	72.66596	0.000185012	49		0.48
*	    2005	    2029	72.40589	0.000195168	23		0.24
~	     334	     352	108.46696	0.000196031	44		0.44
*	    6368	    6425	72.12140	0.00020588	21		0.21
*	    4429	    4608	72.11371	0.00020588	72		0.64
*	    4438	    4598	72.26604	0.00020588	62		0.57
*	    2158	    2229	72.14064	0.00020588	21		0.21
*	     666	     950	72.24075	0.00020588	71		0.63
*	    3829	    4067	71.73144	0.000229092	48		0.47
*	    2115	    2906	71.76528	0.000229092	41		0.41
*	    7077	    7084	71.46281	0.000241659	15		0.14
*	    5788	    6287	71.51523	0.000241659	40		0.41
*	    2116	    2905	71.37159	0.000254912	27		0.28
*	     281	     413	71.10271	0.000268889	75		0.65
*	    4476	    4561	70.47873	0.00031557	72		0.64
*	    2251	    2874	70.49524	0.00031557	21		0.21
*	    8227	    8392	69.92131	0.000351091	31		0.32
*	    2247	    2877	70.11508	0.000351091	54		0.52
*	     266	     434	69.94765	0.000351091	71		0.63
*	    2006	    2028	69.68476	0.000370318	19		0.19
*	     270	     430	69.81551	0.000370318	83		0.69
*	    1767	    1912	68.91954	0.000458297	31		0.32
*	     136	     182	68.51502	0.000509803	69		0.62
*	    7611	    7633	67.75044	0.000598061	29		0.30
*	     648	    1439	67.78004	0.000598061	51		0.50
*	    3256	    3326	67.70034	0.000630739	29		0.30
*	     667	     949	67.52373	0.000630739	68		0.61
~	     335	     351	103.10456	0.00076021	38		0.39
*	    4451	    4588	66.57776	0.000822779	63		0.58
*	    3832	    4060	66.64180	0.000822779	34		0.35
*	     647	    1443	66.32655	0.000867665	38		0.39
*	    5880	    6281	66.03190	0.000914988	44		0.44
*	     669	     946	66.10641	0.000914988	80		0.68
*	    7601	    7748	65.85057	0.000964878	26		0.27
*	    7662	    7675	65.93537	0.000964878	26		0.27
*	    4989	    5020	65.93831	0.000964878	17		0.17
*	    3360	    3381	65.86675	0.000964878	12		0.11
*	     665	     951	65.80108	0.000964878	82		0.69
*	     210	     455	65.88275	0.000964878	63		0.58
*	    6324	    6334	65.23309	0.00113137	18		0.18
*	    3357	    3384	65.32336	0.00113137	16		0.16
*	    3023	    3099	65.27130	0.00113137	9		0.07
*	    6341	    6355	64.92338	0.00119299	16		0.16
*	    4460	    4579	65.09759	0.00119299	61		0.57
*	    7597	    7765	64.89606	0.00125795	33		0.34
*	    3720	    4254	64.80253	0.00125795	25		0.26
*	     220	     443	64.83667	0.00125795	58		0.55
*	    4464	    4574	64.63473	0.00132642	49		0.48
*	    2085	    3250	64.56724	0.00132642	14		0.13
*	      89	      95	64.56121	0.00132642	19		0.19
*	    7595	    7767	64.34944	0.0013986	38		0.39
*	    4468	    4569	64.35585	0.0013986	58		0.55
*	    1961	    2039	64.11667	0.00147468	22		0.23
*	    4987	    5022	64.01051	0.00155488	11		0.09
*	    3406	    3432	63.83114	0.00155488	16		0.16
*	    7707	    7743	63.70450	0.00163941	28		0.29
*	    4459	    4580	63.63007	0.00163941	66		0.60
*	    3413	    3427	63.72834	0.00163941	43		0.43
*	     217	     446	63.81231	0.00163941	64		0.59
*	    5639	    6308	63.03065	0.00192139	23		0.24
*	    5641	    6306	63.12483	0.00192139	35		0.36
*	    4477	    4560	63.04275	0.00192139	77		0.66
*	    7796	    8214	62.74984	0.00202571	73		0.64
*	    5800	    5857	62.75066	0.00202571	67		0.61
*	    1981	    1986	62.49022	0.00225152	17		0.17
*	    5777	    6298	62.16095	0.00237363	27		0.28
*	    7706	    7744	62.02262	0.00250232	54		0.52
*	    6371	    6422	61.92724	0.00250232	12		0.11
*	    3823	    4074	61.69521	0.00263794	43		0.43
*	      27	      52	61.45746	0.00278085	15		0.14
*	    4417	    4907	61.40185	0.00293145	49		0.48
*	    2246	    2878	61.31417	0.00293145	65		0.59
*	    4986	    5023	60.88425	0.00325737	14		0.13
*	    1483	    1933	60.85781	0.00325737	55		0.53
*	    5789	    6286	60.69834	0.00343356	40		0.41
*	    5662	    5754	60.61102	0.00343356	26		0.27
~	     519	    6503	96.58583	0.00385671	29		0.30
*	    3828	    4068	59.78374	0.00423805	31		0.32
*	    7593	    7769	59.33212	0.00470781	48		0.47
*	    4472	    4564	59.19980	0.0049617	76		0.66
*	    2972	    3149	59.26081	0.0049617	21		0.21
*	     135	     186	59.25677	0.0049617	36		0.37
*	    3255	    3327	58.87632	0.00522915	23		0.24
*	    3259	    3323	58.87696	0.00522915	21		0.21
*	     476	     494	59.01287	0.00522915	18		0.18
*	    6435	    6449	58.57796	0.00580767	19		0.19
*	    6372	    6421	58.59237	0.00580767	18		0.18
*	    3722	    4248	58.51787	0.00580767	46		0.46
*	    6432	    6452	58.13281	0.00644953	24		0.25
*	    4406	    4925	58.04356	0.00644953	25		0.26
*	    7661	    7676	57.76914	0.00679633	14		0.13
*	    3011	    3111	57.91325	0.00679633	9		0.07
*	    1763	    1916	57.93311	0.00679633	9		0.07
*	    3817	    4080	57.66338	0.00716159	43		0.43
*	     478	     492	57.57518	0.00716159	14		0.13
*	    4471	    4566	57.47661	0.00754627	67		0.61
*	    3960	    4050	57.51985	0.00754627	41		0.41
~	    3438	    3673	93.40620	0.00822042	21		0.21
*	    4441	    4595	56.88708	0.00837803	64		0.59
*	     505	     523	56.98830	0.00837803	14		0.13
*	    1958	    2042	56.62395	0.0093004	8		0.05
*	      67	      72	56.46316	0.0093004	18		0.18
*	    7717	    7736	56.13743	0.0103231	19		0.19
*	    7657	    7682	56.10570	0.0103231	28		0.29
*	    5566	    5586	56.17847	0.0103231	11		0.09
*	    3034	    3091	56.11027	0.0103231	14		0.13
*	    7075	    7086	55.16902	0.0127132	15		0.14
*	    1567	    1572	55.02666	0.0133916	19		0.19
*	    2156	    2231	54.77762	0.0141056	15		0.14
*	    1770	    1909	54.43372	0.0156482	41		0.41
*	     212	     453	54.33469	0.0156482	64		0.59
*	    3955	    4056	53.87882	0.0173569	27		0.28
*	     640	    1449	53.84048	0.0173569	42		0.42
*	    4432	    4606	53.74992	0.0182789	74		0.65
*	    3257	    3325	53.61798	0.0182789	31		0.32
*	     649	    1438	53.46339	0.0192491	51		0.50
*	    4999	    5007	53.22197	0.0202699	24		0.25
*	    1479	    1936	53.00530	0.021344	22		0.23
*	    7643	    7697	52.76535	0.022474	13		0.12
*	    5660	    5756	52.79026	0.022474	43		0.43
*	    4428	    4609	52.82928	0.022474	79		0.67
*	    1764	    1914	52.79023	0.022474	16		0.16
*	    4985	    5024	52.68754	0.0236628	9		0.07
*	    4398	    4936	52.59103	0.0236628	9		0.07
*	     639	    1450	52.48469	0.0249133	23		0.24
*	    5659	    5757	52.27810	0.0262286	37		0.38
*	    2989	    3135	52.25461	0.0262286	16		0.16
*	    2185	    2205	52.22372	0.0262286	31		0.32
*	     650	    1436	51.43887	0.032206	48		0.47
*	    7596	    7766	51.13438	0.0338976	42		0.42
*	     273	     426	51.08673	0.0338976	80		0.68
*	     644	    1445	50.88228	0.0356761	40		0.41
*	    8275	    8380	50.68489	0.0375457	25		0.26
*	    8294	    8354	50.79263	0.0375457	18		0.18
*	    4461	    4576	50.77587	0.0375457	65		0.59
*	    8277	    8375	50.42739	0.039511	49		0.48
*	    7605	    7639	50.51939	0.039511	14		0.13
*	    2111	    2910	50.03620	0.0437474	23		0.24
*	    8226	    8393	49.71103	0.0460285	28		0.29
*	    8271	    8384	49.91307	0.0460285	43		0.43
*	    5656	    5761	49.53510	0.0484253	22		0.23
*	    4363	    4391	49.50499	0.0484253	10		0.08
*	     292	     314	49.61561	0.0484253	22		0.23

# The given structure
# SS_cons :::::::::::::::::::::::<<<<<<-----<<____>>------->>>>>->::::
#
# SS_cons :::::<<____>>:::<<<<<------<<_____>>-------->>>>->:::[[[[,,,
#
# SS_cons ,,,,<<<<<<<<<<<<<<<<_____________________________________>>>
#
# SS_cons >>--->>->>--->>>>>>>,,,,((--((((----((((--------------------
#
# SS_cons -------------------------(((((-((-------(((((((,,,,<--<<-<<_
#
# SS_cons _____>>>>---->,,,,,,,,,,,,,,,,,,,,,<___>,,,<<_______________
#
# SS_cons _______________________________>>,,,,,,,,,,,,)))))-))-------
#
# SS_cons -----))--)))))--------))))------))))--)),,,,,,,,,,,,,<<<<<<<
#
# SS_cons _________>>>>>>>,,,,,,,<<<<<___________>>>>>,,]]]]::::::::::
#
# SS_cons ::::::::::::::::::::::::<<____>>::::::::::::::::<<<<____>>>>
#
# SS_cons ::::::::::::::::::::::::::::::::::::::((((((-((((((,,,,,,,<-
#
# SS_cons ---<<<<<<<__________________________________________________
#
# SS_cons ____________________________________________________________
#
# SS_cons ____________________________________________________________
#
# SS_cons ____________________________________________________________
#
# SS_cons ____________________________________________>>>->>>>--->,,,,
#
# SS_cons <<<<<<<_____________________________________________________
#
# SS_cons ____________________________________________________________
#
# SS_cons ____________________________________________________________
#
# SS_cons ____________________________________________________________
#
# SS_cons ____________________________________________________________
#
# SS_cons ____________________________________________________________
#
# SS_cons ____________________________________________________________
#
# SS_cons _____________________________________>>>>->>>,,,,,,,,,))-))-
#
# SS_cons --))))))))::<<<<________>>>>{{{{{{,,,,(((-((((((((((,,<<<--<
#
# SS_cons <<<<<___________________________________________>>>>>>----->
#
# SS_cons >>,,,<<____>>,,,,,,,,,,,,,,,,,,,,,,,,,,,,,,,,,,,,,,,,,,,,,,,
#
# SS_cons ,,,,,,,,,,,,,,,,,,,,,,,,,,,,,,,,,,,,,,,,,,,,,,,,,,,,,,,<<<<<
#
# SS_cons --<<<_______________________________________________________
#
# SS_cons _________>>>--->>>>>,<<<-<<-<<<------<<_____________________
#
# SS_cons ____________________________________________________________
#
# SS_cons ________________________________________>>----->>>->>>->>,,,
#
# SS_cons ,,,))))))))))))),,[[-[---[[[[[[,,,((((((((((((,<<<<---<<<<<<
#
# SS_cons <____>>>>>>>---->>>>,,,<<<<-<<-<<________>>>->>>>>,,)-))))))
#
# SS_cons ))))),<<<______>>>,,,,,,,]]]]]]------]--]],,[[[[[[,,,,<<<<<_
#
# SS_cons ___>>>>>,,(((((((,,,,,,,,,,,,,,,,,,,,,,,,,,,,,,,,,,<<<<<<<<-
#
# SS_cons ---<<<----<<<<<<<<<<--<<<<<<--<_______>-->>>>>>>>>>>>>>>>-->
#
# SS_cons >->---->>>>>>->>,,,<<<-<-<<-<<<_____________________________
#
# SS_cons ____________________________________________________________
#
# SS_cons ____________________________________________________________
#
# SS_cons ____________________________________________________________
#
# SS_cons ____________________________________________________________
#
# SS_cons ____________________________________________________________
#
# SS_cons ____________________________________________________________
#
# SS_cons ____________________________________________________________
#
# SS_cons ____________________________________________________________
#
# SS_cons ____________________________________________________________
#
# SS_cons _____________________________________________________>>>>>->
#
# SS_cons ->>>,,,,,,,,,,,,,,,,,,,))))))),,,,,<<<-<-<<<<<<_____>>>>>>>>
#
# SS_cons >>,,,,<<<______>>>,,,(((((-(---(((------(-(----(((----------
#
# SS_cons ----------(((-((((((((((-------(((((,<<<--<<<__________>>>--
#
# SS_cons >>><___><---<<_________>>->,)))))----))))))))-)))))---------
#
# SS_cons -------------)))-------))-)))---)-)))))<<<<<<--<<<__________
#
# SS_cons __________________________________________>>>>>>>->>,,,,]]]-
#
# SS_cons ------]]-],,<-<<<<<<<<--<-<-----------------<<-------<<<____
#
# SS_cons _>>>--->>------>>->>->>>>>>-->,,,,,}}}}}}:::::::::::::::<<<<
#
# SS_cons <<________________>>>>>>{{{{,,,,,,{{{{,,{{,,,<<<<<--<---<<__
#
# SS_cons ___>>->>>>>>,,,,,,{{{,((---((<-<<--<<-<_____>>->-->>>,,,,,,,
#
# SS_cons ,,,,<<<_____________________________________________________
#
# SS_cons ____________________________________________________________
#
# SS_cons ____________________________>>>,,,,,,,,,,,))----)),,,<<<<<__
#
# SS_cons _______>>>>>,,[[[[--------------------------------------[[[[
#
# SS_cons [[[,,,,,,,,,,,,,<<<<________________________________________
#
# SS_cons _____________>>>>,,,,,,,,,,((((((---((((--(((((((-(((<<-<<<<
#
# SS_cons _________>>>>>>,,,,<<<-<<-----------------<<---<<<<<<<<<<<__
#
# SS_cons ____>>>>>>>-->>>->--->>------------------>->->>>,,,,,,<<<<<<
#
# SS_cons <___________________________________________________________
#
# SS_cons ____________________________>>>>>->>,,))-)----)))))-))--))))
#
# SS_cons ---------)))))),,,,,,,,,,,,,,,,,,,,,,,,,,,,,,,,,,,,,,,,,,,,,
#
# SS_cons ,,,,,,,,,,,,,,,,,,,,,,,,,,,,,,,,,,,,,,,,,,,,,,,,,,,,,,,,,,,,
#
# SS_cons ,,,,,,,,,,,,,,,,,,,,,,,,,,,,,,,,,,,,,,,,,,,,,,]]----]]]]]---
#
# SS_cons ------]]]],}}},,}},,,,,<<______>>,,}}}},<<<<______>>>>,,}}}-
#
# SS_cons }:::{{-{{-----{{{{{{{{--{{{,,,,,,,,,,,,,,<<<<<----<<________
#
# SS_cons _>>---->>>>><<<<<<<<<<<<<<-<<<-<--<-<<<<-<<<---<<-<<-----<<<
#
# SS_cons <-----<<<-<-<<<-<-<<<<-<<<<<<<<<-<<<<<<<____________________
#
# SS_cons ________________________________________________________>>>>
#
# SS_cons >>>>->>>>>>>->>>-->>>--->>>>>>>--->>>>------->>>>->>>-------
#
# SS_cons ------------------------------------------------------------
#
# SS_cons ------------------------------------------------------------
#
# SS_cons ------------------------------------------------------------
#
# SS_cons ------------------------------------------------------------
#
# SS_cons ------------------------------------------->>>>>>>>>--------
#
# SS_cons ---->>->>>-->>>>>>>>><____>,,,,,,,[[[[[[[[[,,<<<__________>>
#
# SS_cons >,,<<<<<<<<---<-<<<<_____>>>>--->---->>>>>>>>,,((((,<<<--<<<
#
# SS_cons <<<-<--<<<----<<<<<______>>>>>------>>>>>>>>-->>>>><<<<<<___
#
# SS_cons ____>>>>>><_________________________________________________
#
# SS_cons ____________________________________________________________
#
# SS_cons ____________________________________________________________
#
# SS_cons ____________________________________________________________
#
# SS_cons ____________________________________________________________
#
# SS_cons ____________________________________________________________
#
# SS_cons _______>,,,,,,,,,,,,,,,,,,<<-<<<<_____>>>>>>,,,,,,,,,,)))),,
#
# SS_cons ,]]-]]]]]]],,,,}}}-}}}}}}}}-}}}}::::::::::::<<<<<___________
#
# SS_cons __>>>>>::{{{{{{-{{--{{{--{{,,,,,,{{{{-{{{{{{{,,[[[[---[[[[[[
#
# SS_cons [,,,,,<<<<<<<<<<<<<<<<<<---------<<<<<-------<<_____________
#
# SS_cons ________________________________>>------------>>>>>>>>>>>>>-
#
# SS_cons >>>>>>>>->>,,,,(((((------((((,,,,,<-<<<<___________________
#
# SS_cons ___________________________________>>>>>,,,,,,,,,,,,,,,,,,,<
#
# SS_cons <<<<________________________________________________________
#
# SS_cons ____________________________________________________________
#
# SS_cons ____________________________________________________________
#
# SS_cons ____________________________________________________________
#
# SS_cons ____________________________________________________________
#
# SS_cons ____________________________________________________________
#
# SS_cons ___________________________________>>->>>,,,))))------))))),
#
# SS_cons ,,,,,]]]]]]]----]]]],,<<<<_____>>>-><<<<<<___________>>>>>>,
#
# SS_cons ,[[,,,,((((((,<<-<<<<<-<________>>>>>>--->><<________>>,,,,)
#
# SS_cons ))))),,,,<<<<<<<<<_______>>>>>>>>--->,<<<____>>>,]],,,,,,,,,
#
# SS_cons ,<<<<<<----------<<<<_______________________________________
#
# SS_cons ____________________________________________________________
#
# SS_cons ____________________________________________________________
#
# SS_cons ____________________________________________________________
#
# SS_cons ____________________________________________________________
#
# SS_cons ____________________________________________________________
#
# SS_cons ____________________________________________________________
#
# SS_cons ____________________________________________________________
#
# SS_cons _>>>>>>>>>>,,,,,,,,,,}}}}}--}}}}}},,,,,,,,<<<-<<<<<<<<---<<_
#
# SS_cons ______>>--->>>>>>>-->>>>,,,,,,,,,,(((((((((((,,<<-<<-<<<<___
#
# SS_cons ___>>>>>>--->>,<<<<<________________________________________
#
# SS_cons ____________________________________________________________
#
# SS_cons ____________________________________________________________
#
# SS_cons ____________________________________________________________
#
# SS_cons ____________________________________________________________
#
# SS_cons ____________________________________________________________
#
# SS_cons ____________________________________________>>>>>,,,,,,)))))
#
# SS_cons --)--))))-),,,,,<<<<<<<____>>>->>>>,,,,}}--}}}}}}}}}}}::::::
#
# SS_cons :::::::::::::::::::::::::::::((((((((--((((,<<<<<<<<________
#
# SS_cons ___________>>>>>>>><<<<<---<<<----<<<<<<<<<<<______>>>>>>-->
#
# SS_cons >>>>----->>>--->>>>>,,,,,<<<-------<<<<<____________>>>>>---
#
# SS_cons ->>>,))))---------------))))))))::::::::::::::::<<<-<<<<____
#
# SS_cons ____________________________________________________________
#
# SS_cons ____________________________________________________________
#
# SS_cons ____________________________________________________________
#
# SS_cons ____________________________________________________________
#
# SS_cons ____________________________________________________________
#
# SS_cons ____________________________________________________________
#
# SS_cons _____________________________________________________>>>>>>>
#
# SS_cons :::::(((----((<-<<<<_________>>>->---->,,,,,,,,,,,<<<<<<<<<-
#
# SS_cons <<--<--<<<<--<<<<<<<<_______________________________________
#
# SS_cons ______>>>>>>>>>>>>--->--->>----->>>--->>>>>>,,,,)))))::
#

# Power analysis of given structure 
#
# covary  left_pos      right_pos    substitutions      power
#----------------------------------------------------------------
          24		56		9		0.07
          25		54		13		0.12
          26		53		11		0.09
     *    27		52		15		0.14
          28		51		7		0.04
          29		50		10		0.08
          35		42		2		0.00
          36		41		1		0.00
     *    66		73		30		0.31
     *    67		72		18		0.18
          77		110		8		0.05
     *    78		108		32		0.33
          79		107		8		0.05
          80		106		18		0.18
          81		105		59		0.55
          88		96		17		0.17
     *    89		95		19		0.19
          114		530		11		0.09
          115		529		9		0.07
          116		528		15		0.14
     *    117		527		27		0.28
          125		200		29		0.30
          126		199		39		0.40
          127		198		38		0.39
     *    128		197		34		0.35
          129		196		19		0.19
          130		195		29		0.30
          131		194		13		0.12
     *    132		190		16		0.16
          133		189		38		0.39
     *    134		187		50		0.49
     *    135		186		36		0.37
     *    136		182		69		0.62
     *    137		181		66		0.60
     *    138		180		79		0.67
     *    139		179		69		0.62
     *    140		178		69		0.62
          205		460		30		0.31
     *    206		459		35		0.36
     *    209		456		73		0.64
     *    210		455		63		0.58
     *    211		454		68		0.61
     *    212		453		64		0.59
     *    217		446		64		0.59
     *    218		445		66		0.60
     *    219		444		51		0.50
     *    220		443		58		0.55
     *    266		434		71		0.63
     *    267		433		79		0.67
          268		432		70		0.62
     *    269		431		79		0.67
     *    270		430		83		0.69
     *    272		427		86		0.71
     *    273		426		80		0.68
     *    281		413		75		0.65
     *    282		412		61		0.57
     *    283		410		75		0.65
     *    284		409		66		0.60
     *    285		408		61		0.57
     *    286		407		64		0.59
          287		406		68		0.61
     *    292		314		22		0.23
     *    295		309		55		0.53
     *    296		308		44		0.44
     *    298		307		57		0.54
          299		306		39		0.40
          336		340		11		0.09
          344		393		7		0.04
          345		392		2		0.00
          474		496		23		0.24
     *    475		495		39		0.40
     *    476		494		18		0.18
          477		493		13		0.12
     *    478		492		14		0.13
     *    479		491		17		0.17
          480		490		26		0.27
          504		524		32		0.33
     *    505		523		14		0.13
          506		522		13		0.12
     *    507		521		25		0.26
          508		520		6		0.03
          565		572		8		0.05
     *    566		571		19		0.19
          589		600		6		0.03
          590		599		9		0.07
          591		598		13		0.12
          592		597		9		0.07
     *    639		1450		23		0.24
     *    640		1449		42		0.42
     *    641		1448		49		0.48
     *    642		1447		35		0.36
     *    643		1446		52		0.50
     *    644		1445		40		0.41
     *    646		1444		44		0.44
     *    647		1443		38		0.39
     *    648		1439		51		0.50
     *    649		1438		51		0.50
     *    650		1436		48		0.47
     *    651		1435		64		0.59
          659		956		68		0.61
     *    664		952		72		0.64
     *    665		951		82		0.69
     *    666		950		71		0.63
     *    667		949		68		0.61
     *    668		947		75		0.65
     *    669		946		80		0.68
     *    670		945		62		0.57
     *    961		1425		57		0.54
     *    962		1424		71		0.63
     *    963		1423		70		0.62
     *    964		1421		75		0.65
     *    965		1420		79		0.67
     *    966		1419		77		0.66
     *    967		1418		66		0.60
          1453		1468		7		0.04
          1454		1467		7		0.04
          1455		1466		8		0.05
          1456		1465		0		0.00
          1469		3341		4		0.00
          1470		3340		9		0.07
          1471		3339		9		0.07
          1472		3338		4		0.00
          1473		3337		2		0.00
          1474		3336		1		0.00
     *    1479		1936		22		0.23
          1480		1935		21		0.21
          1481		1934		11		0.09
     *    1483		1933		55		0.53
          1484		1932		22		0.23
     *    1485		1931		33		0.34
     *    1486		1930		48		0.47
     *    1487		1929		53		0.51
     *    1488		1928		49		0.48
          1489		1927		52		0.50
     *    1490		1926		31		0.32
          1491		1925		10		0.08
          1492		1924		11		0.09
          1495		1562		8		0.05
          1496		1561		8		0.05
     *    1497		1560		53		0.51
          1500		1554		62		0.57
          1501		1553		37		0.38
     *    1502		1552		37		0.38
          1503		1551		24		0.25
          1504		1550		35		0.36
          1505		1549		43		0.43
     *    1566		1573		26		0.27
     *    1567		1572		19		0.19
     *    1676		1760		35		0.36
     *    1677		1759		39		0.40
     *    1678		1758		24		0.25
     *    1679		1757		53		0.51
     *    1680		1756		60		0.56
          1683		1752		56		0.53
     *    1684		1751		54		0.52
     *    1685		1750		60		0.56
     *    1762		1917		42		0.42
     *    1763		1916		9		0.07
     *    1764		1914		16		0.16
     *    1766		1913		33		0.34
     *    1767		1912		31		0.32
          1769		1910		34		0.35
     *    1770		1909		41		0.41
          1771		1908		66		0.60
          1778		1902		66		0.60
     *    1779		1901		67		0.61
          1939		2082		2		0.00
          1940		2081		2		0.00
          1942		2078		4		0.00
          1946		2071		3		0.00
          1947		2070		7		0.04
          1948		2069		12		0.11
          1949		2068		15		0.14
          1950		2067		7		0.04
          1951		2066		0		0.00
          1955		2045		1		0.00
          1956		2044		0		0.00
          1957		2043		0		0.00
     *    1958		2042		8		0.05
          1959		2041		13		0.12
          1960		2040		8		0.05
     *    1961		2039		22		0.23
          1962		2038		14		0.13
          1963		2037		4		0.00
     *    1964		2036		30		0.31
     *    1965		2035		32		0.33
     *    1966		2033		28		0.29
          1968		2000		6		0.03
          1969		1999		19		0.19
     *    1970		1998		30		0.31
          1971		1997		14		0.13
          1975		1992		4		0.00
     *    1976		1991		29		0.30
          1977		1990		6		0.03
          1978		1989		6		0.03
          1979		1988		8		0.05
          1980		1987		17		0.17
     *    1981		1986		17		0.17
          2004		2030		12		0.11
     *    2005		2029		23		0.24
     *    2006		2028		19		0.19
          2007		2027		21		0.21
     *    2009		2026		24		0.25
          2010		2024		8		0.05
          2012		2023		8		0.05
          2013		2022		0		0.00
          2047		2058		5		0.01
          2048		2057		6		0.03
          2049		2056		5		0.01
     *    2085		3250		14		0.13
          2086		3248		6		0.03
     *    2087		3247		40		0.41
     *    2088		3239		21		0.21
          2089		3238		4		0.00
          2090		3237		19		0.19
          2095		2108		4		0.00
          2096		2107		4		0.00
          2097		2106		0		0.00
          2098		2105		5		0.01
          2099		2104		9		0.07
     *    2111		2910		23		0.24
          2112		2909		28		0.29
     *    2113		2908		24		0.25
     *    2114		2907		31		0.32
     *    2115		2906		41		0.41
     *    2116		2905		27		0.28
     *    2117		2904		41		0.41
          2152		2236		12		0.11
          2153		2235		10		0.08
     *    2154		2233		16		0.16
     *    2155		2232		18		0.18
     *    2156		2231		15		0.14
          2157		2230		12		0.11
     *    2158		2229		21		0.21
          2159		2228		35		0.36
          2164		2223		7		0.04
          2165		2221		0		0.00
          2166		2220		1		0.00
          2171		2217		0		0.00
          2172		2216		2		0.00
          2173		2215		3		0.00
          2174		2214		9		0.07
          2175		2213		0		0.00
          2176		2212		8		0.05
          2177		2211		6		0.03
          2178		2210		13		0.12
          2179		2209		14		0.13
          2180		2208		13		0.12
          2183		2207		19		0.19
     *    2184		2206		34		0.35
     *    2185		2205		31		0.32
          2186		2204		6		0.03
          2187		2203		19		0.19
          2188		2202		25		0.26
     *    2191		2199		51		0.50
     *    2240		2884		31		0.32
     *    2241		2883		63		0.58
     *    2242		2882		62		0.57
     *    2244		2880		72		0.64
     *    2246		2878		65		0.59
     *    2247		2877		54		0.52
     *    2249		2876		35		0.36
     *    2250		2875		26		0.27
     *    2251		2874		21		0.21
          2916		2942		5		0.01
          2917		2941		4		0.00
          2918		2940		5		0.01
          2920		2939		3		0.00
          2922		2938		20		0.20
          2923		2937		11		0.09
          2924		2936		15		0.14
          2925		2935		7		0.04
          2926		2934		6		0.03
          2927		2933		4		0.00
     *    2947		2958		30		0.31
          2948		2957		8		0.05
          2949		2956		3		0.00
          2962		3159		9		0.07
     *    2963		3158		53		0.51
     *    2964		3157		63		0.58
     *    2965		3156		53		0.51
     *    2966		3155		42		0.42
          2968		3153		12		0.11
     *    2972		3149		21		0.21
          2973		3148		9		0.07
     *    2974		3147		26		0.27
     *    2981		3145		53		0.51
     *    2983		3144		60		0.56
     *    2988		3136		25		0.26
     *    2989		3135		16		0.16
          2990		3134		5		0.01
     *    3011		3111		9		0.07
          3012		3110		7		0.04
          3013		3109		2		0.00
          3015		3108		4		0.00
          3016		3107		2		0.00
          3017		3105		10		0.08
          3018		3104		28		0.29
     *    3019		3103		26		0.27
          3020		3102		7		0.04
          3021		3101		24		0.25
     *    3022		3100		25		0.26
     *    3023		3099		9		0.07
          3024		3098		3		0.00
          3032		3093		7		0.04
          3033		3092		9		0.07
     *    3034		3091		14		0.13
          3035		3090		8		0.05
          3036		3089		7		0.04
          3038		3063		8		0.05
          3039		3062		10		0.08
          3040		3061		10		0.08
          3043		3058		11		0.09
     *    3044		3057		14		0.13
          3045		3056		11		0.09
          3064		3068		5		0.01
          3069		3087		4		0.00
          3073		3085		4		0.00
          3074		3084		2		0.00
          3160		3232		4		0.00
     *    3161		3231		36		0.37
     *    3162		3229		34		0.35
     *    3163		3228		52		0.50
     *    3164		3227		55		0.53
     *    3165		3226		69		0.62
     *    3168		3225		64		0.59
     *    3169		3224		46		0.46
     *    3170		3223		39		0.40
          3253		3330		14		0.13
     *    3255		3327		23		0.24
     *    3256		3326		29		0.30
     *    3257		3325		31		0.32
     *    3258		3324		50		0.49
     *    3259		3323		21		0.21
     *    3260		3322		33		0.34
          3261		3320		30		0.31
     *    3262		3319		50		0.49
          3265		3317		14		0.13
     *    3267		3316		26		0.27
          3285		3309		10		0.08
     *    3286		3308		35		0.36
          3294		3304		23		0.24
     *    3295		3303		48		0.47
     *    3296		3302		39		0.40
     *    3357		3384		16		0.16
          3358		3383		6		0.03
          3359		3382		11		0.09
     *    3360		3381		12		0.11
          3361		3380		7		0.04
     *    3362		3379		23		0.24
          3385		4321		13		0.12
          3386		4319		16		0.16
          3387		4318		9		0.07
          3388		4317		31		0.32
          3395		4299		4		0.00
          3396		4298		11		0.09
          3397		4297		13		0.12
          3398		4296		6		0.03
     *    3401		4278		21		0.21
          3402		4277		3		0.00
     *    3406		3432		16		0.16
          3407		3431		12		0.11
     *    3408		3430		32		0.33
     *    3409		3429		34		0.35
          3410		3428		16		0.16
     *    3413		3427		43		0.43
          3417		3425		9		0.07
          3418		3424		17		0.17
          3439		4274		7		0.04
          3440		4273		14		0.13
     *    3441		4272		35		0.36
          3443		3650		2		0.00
          3444		3649		3		0.00
          3448		3644		17		0.17
     *    3449		3643		51		0.50
          3450		3473		48		0.47
          3452		3472		39		0.40
          3453		3471		49		0.48
          3456		3468		34		0.35
     *    3457		3466		29		0.30
     *    3459		3465		40		0.41
     *    3485		3631		75		0.65
     *    3486		3630		79		0.67
     *    3487		3629		72		0.64
     *    3654		3672		43		0.43
     *    3655		3671		31		0.32
     *    3656		3670		52		0.50
          3657		3669		17		0.17
          3658		3668		10		0.08
     *    3675		4270		26		0.27
     *    3676		4269		50		0.49
     *    3677		4268		36		0.37
     *    3678		4267		31		0.32
          3717		4257		58		0.55
     *    3718		4256		46		0.46
     *    3719		4255		48		0.47
     *    3720		4254		25		0.26
          3721		4253		37		0.38
     *    3722		4248		46		0.46
          3723		4247		55		0.53
          3737		3797		50		0.49
     *    3738		3796		37		0.38
     *    3739		3795		35		0.36
          3740		3794		22		0.23
     *    3808		4095		41		0.41
     *    3809		4094		36		0.37
     *    3810		4093		52		0.50
     *    3811		4092		34		0.35
     *    3812		4091		39		0.40
     *    3813		4090		42		0.42
     *    3817		4080		43		0.43
     *    3818		4079		45		0.45
     *    3819		4078		44		0.44
     *    3820		4077		52		0.50
     *    3823		4074		43		0.43
     *    3824		4073		58		0.55
     *    3825		4071		66		0.60
     *    3826		4070		45		0.45
          3827		4069		44		0.44
     *    3828		4068		31		0.32
     *    3829		4067		48		0.47
          3831		4062		26		0.27
     *    3832		4060		34		0.35
     *    3833		4059		34		0.35
          3834		3855		18		0.18
          3835		3854		42		0.42
          3837		3853		37		0.38
          3838		3852		7		0.04
          3839		3851		8		0.05
          3840		3850		8		0.05
     *    3860		3948		23		0.24
     *    3861		3947		46		0.46
     *    3862		3946		64		0.59
     *    3864		3944		65		0.59
          3865		3942		52		0.50
     *    3883		3923		48		0.47
          3884		3922		8		0.05
          3888		3918		12		0.11
     *    3889		3916		36		0.37
          3890		3915		22		0.23
          3891		3914		21		0.21
          3892		3911		15		0.14
          3893		3910		0		0.00
          3894		3909		8		0.05
          3895		3908		23		0.24
     *    3896		3907		30		0.31
     *    3897		3906		39		0.40
     *    3898		3905		26		0.27
     *    3955		4056		27		0.28
     *    3956		4055		58		0.55
     *    3957		4053		59		0.55
     *    3958		4052		57		0.54
     *    3959		4051		56		0.53
     *    3960		4050		41		0.41
          3961		4049		44		0.44
          4284		4293		5		0.01
          4285		4292		5		0.01
          4301		4314		2		0.00
          4302		4313		1		0.00
          4303		4312		7		0.04
          4304		4311		4		0.00
          4325		5552		4		0.00
          4326		5551		14		0.13
          4328		5550		11		0.09
          4329		5549		7		0.04
          4335		5547		19		0.19
          4336		5546		5		0.01
          4337		5545		7		0.04
          4338		5544		5		0.01
          4339		5543		16		0.16
          4340		5542		18		0.18
          4341		5541		6		0.03
          4342		5540		2		0.00
          4345		5538		3		0.00
          4346		5537		2		0.00
          4347		5536		3		0.00
          4362		4392		3		0.00
     *    4363		4391		10		0.08
          4364		4390		3		0.00
          4365		4389		13		0.12
          4366		4388		12		0.11
          4371		4383		11		0.09
          4372		4382		5		0.01
          4393		4941		3		0.00
          4394		4940		2		0.00
          4395		4939		0		0.00
          4396		4938		1		0.00
          4397		4937		6		0.03
     *    4398		4936		9		0.07
     *    4399		4935		27		0.28
          4400		4934		13		0.12
     *    4401		4933		23		0.24
          4402		4930		20		0.20
     *    4403		4929		32		0.33
     *    4404		4928		35		0.36
     *    4405		4926		43		0.43
     *    4406		4925		25		0.26
          4408		4912		23		0.24
     *    4409		4911		57		0.54
     *    4410		4910		63		0.58
     *    4412		4909		68		0.61
     *    4415		4908		61		0.57
     *    4417		4907		49		0.48
     *    4418		4906		40		0.41
          4419		4905		42		0.42
          4420		4904		42		0.42
     *    4422		4613		56		0.53
     *    4423		4612		40		0.41
     *    4424		4611		64		0.59
     *    4428		4609		79		0.67
     *    4429		4608		72		0.64
          4431		4607		80		0.68
     *    4432		4606		74		0.65
     *    4438		4598		62		0.57
     *    4439		4597		65		0.59
          4440		4596		63		0.58
     *    4441		4595		64		0.59
          4447		4591		59		0.55
          4448		4590		60		0.56
     *    4449		4589		62		0.57
     *    4451		4588		63		0.58
          4453		4587		64		0.59
     *    4454		4586		77		0.66
          4455		4585		66		0.60
          4457		4581		72		0.64
     *    4459		4580		66		0.60
     *    4460		4579		61		0.57
     *    4461		4576		65		0.59
          4462		4575		63		0.58
     *    4464		4574		49		0.48
          4465		4572		61		0.57
          4466		4571		70		0.62
     *    4467		4570		70		0.62
     *    4468		4569		58		0.55
     *    4469		4568		67		0.61
     *    4470		4567		65		0.59
     *    4471		4566		67		0.61
     *    4472		4564		76		0.66
          4474		4563		66		0.60
          4475		4562		71		0.63
     *    4476		4561		72		0.64
     *    4477		4560		77		0.66
     *    4478		4559		70		0.62
     *    4479		4558		64		0.59
          4480		4557		64		0.59
          4942		4947		9		0.07
          4955		5531		16		0.16
          4956		5530		3		0.00
          4957		5529		5		0.01
          4958		5528		1		0.00
          4959		5527		3		0.00
          4960		5526		4		0.00
          4961		5525		4		0.00
          4962		5523		5		0.01
          4963		5522		13		0.12
          4966		4981		6		0.03
          4967		4980		9		0.07
          4968		4979		2		0.00
          4984		5025		0		0.00
     *    4985		5024		9		0.07
     *    4986		5023		14		0.13
     *    4987		5022		11		0.09
     *    4988		5021		24		0.25
     *    4989		5020		17		0.17
     *    4990		5019		34		0.35
          4991		5018		8		0.05
          4995		5013		21		0.21
          4997		5009		15		0.14
     *    4998		5008		31		0.32
     *    4999		5007		24		0.25
     *    5000		5006		53		0.51
          5028		5518		5		0.01
          5029		5517		2		0.00
          5030		5516		5		0.01
          5031		5515		5		0.01
          5033		5091		7		0.04
          5034		5090		3		0.00
          5035		5089		9		0.07
          5038		5088		4		0.00
          5039		5087		0		0.00
          5040		5084		2		0.00
          5041		5083		3		0.00
          5042		5082		2		0.00
          5043		5081		11		0.09
          5045		5080		5		0.01
          5048		5079		8		0.05
          5049		5078		5		0.01
          5050		5077		2		0.00
          5055		5070		18		0.18
          5056		5069		6		0.03
          5057		5068		13		0.12
          5058		5067		8		0.05
          5059		5066		9		0.07
          5092		5110		7		0.04
          5093		5109		2		0.00
          5094		5108		2		0.00
          5095		5107		2		0.00
          5096		5106		4		0.00
          5097		5105		0		0.00
          5111		5468		4		0.00
          5487		5504		7		0.04
          5488		5503		1		0.00
          5490		5502		3		0.00
          5491		5501		5		0.01
          5492		5500		8		0.05
          5493		5499		9		0.07
          5565		5587		16		0.16
     *    5566		5586		11		0.09
          5567		5585		4		0.00
          5568		5584		11		0.09
          5569		5583		6		0.03
          5590		7554		45		0.45
          5591		7553		18		0.18
          5592		7552		14		0.13
     *    5593		7551		25		0.26
          5594		7550		13		0.12
          5595		7549		13		0.12
          5597		7548		4		0.00
          5598		7547		8		0.05
          5601		7546		3		0.00
          5602		7545		5		0.01
          5603		7544		4		0.00
          5606		7541		0		0.00
          5607		7540		2		0.00
          5614		6994		5		0.01
          5615		6993		5		0.01
          5616		6992		2		0.00
          5617		6991		8		0.05
          5619		6990		1		0.00
          5620		6989		6		0.03
          5621		6986		0		0.00
          5622		6985		4		0.00
          5623		6984		6		0.03
          5624		6983		0		0.00
          5625		6982		0		0.00
          5628		6320		1		0.00
          5629		6319		5		0.01
          5630		6318		0		0.00
          5631		6317		6		0.03
          5635		6312		13		0.12
          5636		6311		15		0.14
          5637		6310		21		0.21
          5638		6309		17		0.17
     *    5639		6308		23		0.24
          5640		6307		25		0.26
     *    5641		6306		35		0.36
          5647		5771		5		0.01
          5648		5770		11		0.09
          5649		5768		21		0.21
          5650		5767		14		0.13
          5651		5766		16		0.16
     *    5652		5765		24		0.25
     *    5653		5764		30		0.31
          5654		5763		23		0.24
          5655		5762		18		0.18
     *    5656		5761		22		0.23
     *    5657		5759		23		0.24
          5658		5758		17		0.17
     *    5659		5757		37		0.38
     *    5660		5756		43		0.43
          5661		5755		36		0.37
     *    5662		5754		26		0.27
          5663		5753		3		0.00
          5664		5752		7		0.04
          5674		5751		24		0.25
          5675		5750		5		0.01
          5676		5749		4		0.00
          5677		5748		5		0.01
          5678		5747		7		0.04
          5686		5734		3		0.00
     *    5687		5733		51		0.50
     *    5776		6299		35		0.36
     *    5777		6298		27		0.28
     *    5778		6297		40		0.41
     *    5779		6296		34		0.35
     *    5780		6295		37		0.38
     *    5787		6288		42		0.42
     *    5788		6287		40		0.41
     *    5789		6286		40		0.41
     *    5790		6285		45		0.45
     *    5796		5860		50		0.49
     *    5798		5859		67		0.61
     *    5799		5858		72		0.64
     *    5800		5857		67		0.61
          5801		5856		69		0.62
     *    5880		6281		44		0.44
     *    5881		6280		45		0.45
     *    5882		6279		62		0.57
     *    5883		6277		66		0.60
     *    5884		6276		75		0.65
          6323		6336		9		0.07
     *    6324		6334		18		0.18
          6325		6333		2		0.00
          6326		6332		2		0.00
          6337		6359		4		0.00
          6338		6358		10		0.08
          6339		6357		4		0.00
          6340		6356		9		0.07
     *    6341		6355		16		0.16
          6342		6354		13		0.12
          6362		6471		2		0.00
          6363		6470		5		0.01
     *    6368		6425		21		0.21
     *    6369		6424		30		0.31
     *    6370		6423		42		0.42
     *    6371		6422		12		0.11
     *    6372		6421		18		0.18
          6373		6420		2		0.00
          6375		6403		3		0.00
          6376		6402		5		0.01
     *    6378		6398		24		0.25
     *    6379		6397		47		0.46
          6380		6396		10		0.08
          6381		6395		7		0.04
          6382		6394		2		0.00
     *    6384		6393		9		0.07
     *    6404		6415		27		0.28
          6405		6414		22		0.23
          6430		6457		8		0.05
     *    6431		6453		11		0.09
     *    6432		6452		24		0.25
          6433		6451		23		0.24
          6434		6450		17		0.17
     *    6435		6449		19		0.19
          6436		6448		17		0.17
     *    6437		6447		13		0.12
          6438		6446		14		0.13
     *    6459		6468		36		0.37
     *    6460		6467		15		0.14
          6461		6466		21		0.21
          6482		6971		3		0.00
          6483		6970		3		0.00
          6484		6969		6		0.03
          6485		6968		8		0.05
     *    6486		6967		23		0.24
          6487		6966		30		0.31
          6498		6965		35		0.36
     *    6499		6964		21		0.21
     *    6500		6963		27		0.28
     *    6501		6962		56		0.53
          7003		7044		1		0.00
          7004		7043		1		0.00
          7005		7042		4		0.00
          7007		7041		3		0.00
          7008		7038		0		0.00
          7009		7037		3		0.00
          7010		7036		3		0.00
          7011		7035		8		0.05
     *    7012		7034		23		0.24
          7013		7033		1		0.00
          7014		7032		6		0.03
          7018		7028		4		0.00
          7019		7027		9		0.07
          7055		7511		4		0.00
          7056		7509		2		0.00
          7057		7508		3		0.00
          7058		7507		2		0.00
          7059		7506		0		0.00
          7060		7503		3		0.00
          7061		7500		1		0.00
          7062		7499		0		0.00
          7063		7498		4		0.00
          7064		7497		4		0.00
          7065		7496		1		0.00
          7068		7094		6		0.03
          7069		7093		14		0.13
     *    7071		7089		9		0.07
     *    7072		7088		12		0.11
     *    7074		7087		38		0.39
     *    7075		7086		15		0.14
          7076		7085		8		0.05
     *    7077		7084		15		0.14
     *    7096		7489		29		0.30
          7097		7488		10		0.08
          7098		7487		5		0.01
          7099		7486		3		0.00
          7100		7485		1		0.00
          7517		7535		0		0.00
          7518		7534		0		0.00
          7519		7533		2		0.00
          7520		7532		4		0.00
          7521		7530		7		0.04
          7522		7529		0		0.00
          7523		7528		4		0.00
          7590		7772		34		0.35
     *    7591		7771		32		0.33
          7592		7770		35		0.36
     *    7593		7769		48		0.47
     *    7594		7768		43		0.43
     *    7595		7767		38		0.39
     *    7596		7766		42		0.42
     *    7597		7765		33		0.34
     *    7600		7749		35		0.36
     *    7601		7748		26		0.27
          7602		7747		4		0.00
          7603		7746		29		0.30
     *    7605		7639		14		0.13
          7606		7638		18		0.18
     *    7607		7637		33		0.34
     *    7608		7636		39		0.40
     *    7609		7635		22		0.23
     *    7610		7634		23		0.24
     *    7611		7633		29		0.30
          7612		7632		26		0.27
          7640		7700		13		0.12
     *    7641		7699		32		0.33
     *    7642		7698		34		0.35
     *    7643		7697		13		0.12
          7644		7696		22		0.23
          7648		7692		4		0.00
          7649		7691		11		0.09
          7650		7690		9		0.07
          7655		7684		29		0.30
     *    7656		7683		23		0.24
     *    7657		7682		28		0.29
     *    7658		7681		51		0.50
     *    7659		7680		27		0.28
          7660		7677		35		0.36
     *    7661		7676		14		0.13
     *    7662		7675		26		0.27
     *    7663		7674		32		0.33
          7664		7673		35		0.36
     *    7665		7672		24		0.25
     *    7706		7744		54		0.52
     *    7707		7743		28		0.29
          7708		7742		10		0.08
     *    7716		7737		26		0.27
     *    7717		7736		19		0.19
     *    7718		7735		32		0.33
          7719		7734		10		0.08
          7720		7733		2		0.00
     *    7789		8220		62		0.57
     *    7790		8219		62		0.57
     *    7791		8218		58		0.55
     *    7793		8217		64		0.59
     *    7794		8216		53		0.51
     *    7795		8215		71		0.63
     *    7796		8214		73		0.64
     *    8226		8393		28		0.29
     *    8227		8392		31		0.32
          8228		8391		7		0.04
          8233		8390		15		0.14
          8234		8389		24		0.25
          8235		8259		53		0.51
     *    8237		8254		47		0.46
          8238		8252		33		0.34
          8239		8251		28		0.29
          8240		8250		8		0.05
     *    8271		8384		43		0.43
     *    8272		8383		59		0.55
     *    8273		8382		41		0.41
     *    8274		8381		33		0.34
     *    8275		8380		25		0.26
          8276		8379		57		0.54
     *    8277		8375		49		0.48
          8278		8374		15		0.14
          8279		8373		7		0.04
     *    8281		8367		32		0.33
     *    8282		8366		33		0.34
          8285		8362		5		0.01
          8288		8358		27		0.28
     *    8289		8357		52		0.50
     *    8290		8356		37		0.38
          8291		8355		29		0.30
     *    8294		8354		18		0.18
          8295		8353		8		0.05
          8296		8352		6		0.03
          8297		8351		7		0.04
     *    8298		8350		20		0.20
          8299		8349		24		0.25
          8300		8348		27		0.28
     *    8301		8347		53		0.51
#
# BPAIRS 872
# avg substitutions per BP  26.3
# BPAIRS expected to covary 213.1 +/- 11.0
# BPAIRS observed to covary 391
#
