# R-scape :: RNA Structural Covariation Above Phylogenetic Expectation
# R-scape 1.5.16 elenarivas@fas.harvard.edu (August 2020)
# Copyright (C) 2016-2019 Howard Hughes Medical Institute.
# Freely distributed under the GNU General Public License (GPLv3).
#-------------------------------------------------------------------------------------------------------
# MSA RF03124_dCoV-3UTR nseq 7 (7) alen 420 (440) avgid 52.09 (51.58) nbpairs 101 (101)
# Two-set statistical test (one test for annotated basepairs, another for all other pairs)
#
#
# Method Target_E-val [cov_min,cov_max] [FP | TP True Found | Sen PPV F] 
# GTp    0.05         [-3.48,11.02]     [0 | 7 101 7 | 6.93 100.00 12.96] 
#
#       left_pos       right_pos        score          E-value       substitutions      power
#-------------------------------------------------------------------------------------------------------
*	     102	     131	11.01649	5.97843e-05	6		0.03
*	     287	     374	10.95414	6.91694e-05	8		0.05
*	     254	     400	9.27462	0.00113469	4		0.00
*	     108	     125	9.25092	0.00119017	6		0.03
*	     169	     183	9.17716	0.00137324	6		0.03
*	     307	     348	7.36228	0.0251258	4		0.00
*	      99	     134	6.88146	0.0487791	3		0.00

# The given structure
# SS_cons ::::::::::::::::::::::::::::::::::::::::::::::<<<<<<<<<<____
#
# SS_cons _>>>>>>>>>>::::::::::::::::::::<<<<-<<<<<<<<--<<---<<______>
#
# SS_cons >--->>-->>>>>>>>->>>>::::::::::::{{{{{{<<<<<-<<<<<__________
#
# SS_cons _>>>>>>>>>>[[[-[[[[[[,<<<<----<<<-<<<<_____>>-->>-->>>--->>>
#
# SS_cons >,,,,,,,,,,,(((((((---((------(((--(((((---(((((((((,,,,,,,,
#
# SS_cons ,,,,,<<<<<<-<<<<__________________>>>>----->>>>>>,<<<______>
#
# SS_cons >>,,,,,,)))))))))---))))))))))----))))))),,,,,,,,]]]]]]-]]],
#
# SS_cons ,,,,,,,,,,}}}}}}::::
#

# Power analysis of given structure 
#
# covary  left_pos      right_pos    substitutions      power
#----------------------------------------------------------------
          47		71		6		0.03
          48		70		7		0.04
          49		69		5		0.01
          50		68		7		0.04
          51		67		4		0.00
          52		66		5		0.01
          53		65		3		0.00
          54		64		5		0.01
          55		63		7		0.04
          56		62		5		0.01
          92		141		5		0.01
          93		140		0		0.00
          94		139		2		0.00
          95		138		0		0.00
          97		136		1		0.00
          98		135		1		0.00
     *    99		134		3		0.00
          100		133		1		0.00
          101		132		2		0.00
     *    102		131		6		0.03
          103		130		3		0.00
          104		129		2		0.00
          107		126		3		0.00
     *    108		125		6		0.03
          112		121		5		0.01
          113		120		1		0.00
          154		436		2		0.00
          155		435		2		0.00
          156		434		2		0.00
          157		433		3		0.00
          158		432		4		0.00
          159		431		2		0.00
          160		191		5		0.01
          161		190		3		0.00
          162		189		2		0.00
          163		188		2		0.00
          164		187		2		0.00
          166		186		4		0.00
          167		185		4		0.00
          168		184		4		0.00
     *    169		183		6		0.03
          170		182		2		0.00
          192		419		2		0.00
          193		418		0		0.00
          194		417		3		0.00
          196		415		3		0.00
          197		414		0		0.00
          198		413		1		0.00
          199		412		2		0.00
          200		411		2		0.00
          201		410		5		0.01
          203		241		4		0.00
          204		240		5		0.01
          205		239		4		0.00
          206		238		3		0.00
          211		234		1		0.00
          212		233		2		0.00
          213		232		1		0.00
          215		229		1		0.00
          216		228		1		0.00
          217		225		1		0.00
          218		224		2		0.00
          253		401		1		0.00
     *    254		400		4		0.00
          255		399		1		0.00
          256		398		3		0.00
          257		397		3		0.00
          258		396		1		0.00
          259		395		3		0.00
          263		390		6		0.03
          264		389		5		0.01
          271		388		7		0.04
          272		387		5		0.01
          273		386		1		0.00
          276		385		2		0.00
          277		384		6		0.03
          278		383		5		0.01
          279		382		4		0.00
          280		381		7		0.04
          284		377		6		0.03
          285		376		5		0.01
          286		375		7		0.04
     *    287		374		8		0.05
          288		373		8		0.05
          289		372		6		0.03
          290		371		4		0.00
          291		370		4		0.00
          292		369		4		0.00
          306		349		5		0.01
     *    307		348		4		0.00
          308		347		4		0.00
          309		346		0		0.00
          310		345		2		0.00
          311		344		1		0.00
          313		338		3		0.00
          314		337		3		0.00
          315		336		2		0.00
          316		335		5		0.01
          351		362		0		0.00
          352		361		3		0.00
          353		360		3		0.00
#
# BPAIRS 101
# avg substitutions per BP  3.3
# BPAIRS expected to covary 0.7 +/- 0.8
# BPAIRS observed to covary 7
#
