# R-scape :: RNA Structural Covariation Above Phylogenetic Expectation
# R-scape 1.5.16 elenarivas@fas.harvard.edu (August 2020)
# Copyright (C) 2016-2019 Howard Hughes Medical Institute.
# Freely distributed under the GNU General Public License (GPLv3).
#-------------------------------------------------------------------------------------------------------
# MSA RF03000_LOOT nseq 368 (368) alen 133 (203) avgid 47.10 (46.56) nbpairs 46 (46)
# Two-set statistical test (one test for annotated basepairs, another for all other pairs)
#
#
# Method Target_E-val [cov_min,cov_max] [FP | TP True Found | Sen PPV F] 
# GTp    0.05         [-9.77,943.44]     [50 | 44 46 94 | 95.65 46.81 62.86] 
#
#       left_pos       right_pos        score          E-value       substitutions      power
#-------------------------------------------------------------------------------------------------------
*	      78	     142	943.44258	2.02046e-45	211		0.98
*	      77	     143	906.47489	1.32667e-43	176		0.94
*	      75	     145	904.46329	1.63119e-43	155		0.91
*	      76	     144	891.47690	7.11074e-43	173		0.94
*	      80	     140	741.52773	1.58105e-35	162		0.92
*	      79	     141	711.73742	4.53925e-34	161		0.92
*	      74	     146	670.48799	4.86318e-32	112		0.81
*	      82	     138	667.09117	6.98115e-32	144		0.89
*	      81	     139	653.42331	3.28702e-31	108		0.80
*	     178	     201	614.57394	2.64968e-29	192		0.96
*	     179	     200	597.00274	1.93478e-28	209		0.97
*	      13	      49	570.67922	3.7681e-27	266		1.00
*	     180	     199	569.17698	4.39945e-27	201		0.97
*	     158	     166	562.27152	9.54496e-27	89		0.72
*	      91	     129	544.47714	7.15031e-26	94		0.74
*	      92	     128	537.43566	1.59181e-25	78		0.67
*	     153	     170	534.30587	2.28484e-25	163		0.93
*	     156	     168	485.54299	5.5818e-23	200		0.97
*	      16	      46	485.27436	5.72775e-23	254		1.00
*	     157	     167	471.19203	2.76555e-22	190		0.96
*	      14	      48	468.45676	3.7696e-22	266		1.00
*	     154	     169	462.41837	7.56739e-22	216		0.98
*	      15	      47	453.30792	2.0706e-21	276		1.00
*	      90	     130	453.11594	2.12474e-21	136		0.88
*	     152	     171	448.60422	3.56024e-21	119		0.83
*	     151	     172	407.63758	3.61115e-19	124		0.85
*	     150	     174	363.41965	5.25133e-17	69		0.62
*	      93	     127	344.37485	4.4682e-16	77		0.66
*	      17	      45	343.05407	5.21611e-16	156		0.91
*	      89	     131	297.11139	9.30244e-14	127		0.85
*	      83	     137	285.82909	3.2905e-13	120		0.83
*	     181	     198	253.65233	1.24641e-11	117		0.83
*	     176	     203	248.76702	2.14131e-11	70		0.62
*	      18	      44	240.61486	5.41413e-11	125		0.85
*	     177	     202	232.67743	1.3e-10	120		0.83
*	       1	      60	231.49923	1.47871e-10	265		1.00
 	     157	     166	272.47171	2.78591e-10	141		0.89
 	     157	     158	268.03752	4.66505e-10	150		0.90
~	     186	     189	260.14940	1.12056e-09	73		0.64
 	     166	     167	259.30987	1.24225e-09	129		0.86
 	     158	     167	254.38328	2.13427e-09	138		0.88
*	       2	      59	203.86607	3.33568e-09	121		0.84
~	       9	      52	250.27844	3.39389e-09	142		0.89
~	     186	     188	232.63059	2.46774e-08	85		0.70
~	     188	     189	230.29898	3.27615e-08	66		0.60
*	      88	     132	166.54807	2.21062e-07	116		0.82
 	     170	     171	211.99954	2.57146e-07	145		0.89
 	     153	     171	207.93110	3.98363e-07	154		0.91
*	     182	     197	145.94087	2.23279e-06	56		0.53
*	      12	      50	144.17252	2.74195e-06	92		0.74
 	     152	     153	183.08852	6.58656e-06	137		0.88
~	      94	     126	180.18667	9.20245e-06	61		0.57
 	     152	     170	171.47691	2.4455e-05	128		0.86
~	     102	     103	162.38152	6.66547e-05	136		0.88
 	      89	      91	162.27231	6.83902e-05	107		0.79
*	      11	      51	115.09021	7.11495e-05	51		0.50
 	     130	     131	160.29662	8.619e-05	141		0.89
~	     102	     104	158.10494	0.00010862	119		0.83
~	     100	     103	153.89243	0.000172495	138		0.88
 	      90	     131	147.05194	0.000372771	129		0.86
~	      99	     102	146.80265	0.000382468	180		0.95
~	     100	     101	135.01646	0.00145302	186		0.95
*	      86	     134	86.93095	0.0016382	137		0.88
~	     186	     187	132.88639	0.00183037	148		0.90
 	     199	     200	132.34042	0.00197677	212		0.98
~	     187	     188	131.45479	0.00219033	141		0.89
~	     187	     189	130.54827	0.0023655	129		0.86
 	     180	     200	126.73343	0.00365775	199		0.97
~	     101	     102	125.39933	0.00426582	184		0.95
~	     102	     105	124.91549	0.00449017	109		0.80
 	      88	      90	123.79794	0.00510397	117		0.83
 	     169	     170	123.29055	0.00537235	185		0.95
 	     153	     154	122.43104	0.00595213	194		0.96
~	      28	      29	120.02450	0.00768985	245		0.99
 	     153	     169	119.16521	0.00851935	194		0.96
 	      88	      89	118.02683	0.00968297	115		0.82
 	     151	     152	117.76962	0.00993408	123		0.84
 	     179	     199	115.42439	0.0131648	211		0.98
 	     132	     133	115.40048	0.0131648	109		0.80
 	      88	     133	114.71833	0.0142153	103		0.78
 	      59	      60	114.54070	0.0142153	190		0.96
 	     202	     203	113.84580	0.0153495	110		0.80
 	     171	     172	111.66146	0.019824	120		0.83
 	     152	     172	111.51258	0.0203375	103		0.78
*	      87	     133	62.82871	0.0221497	108		0.80
 	     179	     180	110.21074	0.0231114	198		0.97
 	     154	     170	109.74344	0.024324	185		0.95
 	     169	     171	108.67724	0.0276404	176		0.94
*	       3	      58	61.56381	0.02856	15		0.14
 	      91	     130	106.80177	0.0339105	121		0.84
 	      88	      91	105.75906	0.0385308	102		0.78
 	       2	      60	104.25827	0.0449115	185		0.95
 	      89	     128	104.04112	0.0460731	98		0.76
 	     178	     199	103.71884	0.0484869	197		0.97

# The given structure
# SS_cons <<<<------<<<<<<<<_________________________>>>>>>>>----->>>>
#
# SS_cons ::::::::::::<<<<<<<<<<<--<<<<<<<<___________________________
#
# SS_cons ______>>>>>>>>-->>>>>>>>>>>::<<<<<-<<<_______>>>>>>>->:<<<<<
#
# SS_cons <<______________>>>>>>>
#

# Power analysis of given structure 
#
# covary  left_pos      right_pos    substitutions      power
#----------------------------------------------------------------
     *    1		60		265		1.00
     *    2		59		121		0.84
     *    3		58		15		0.14
          4		57		2		0.00
     *    11		51		51		0.50
     *    12		50		92		0.74
     *    13		49		266		1.00
     *    14		48		266		1.00
     *    15		47		276		1.00
     *    16		46		254		1.00
     *    17		45		156		0.91
     *    18		44		125		0.85
          73		147		3		0.00
     *    74		146		112		0.81
     *    75		145		155		0.91
     *    76		144		173		0.94
     *    77		143		176		0.94
     *    78		142		211		0.98
     *    79		141		161		0.92
     *    80		140		162		0.92
     *    81		139		108		0.80
     *    82		138		144		0.89
     *    83		137		120		0.83
     *    86		134		137		0.88
     *    87		133		108		0.80
     *    88		132		116		0.82
     *    89		131		127		0.85
     *    90		130		136		0.88
     *    91		129		94		0.74
     *    92		128		78		0.67
     *    93		127		77		0.66
     *    150		174		69		0.62
     *    151		172		124		0.85
     *    152		171		119		0.83
     *    153		170		163		0.93
     *    154		169		216		0.98
     *    156		168		200		0.97
     *    157		167		190		0.96
     *    158		166		89		0.72
     *    176		203		70		0.62
     *    177		202		120		0.83
     *    178		201		192		0.96
     *    179		200		209		0.97
     *    180		199		201		0.97
     *    181		198		117		0.83
     *    182		197		56		0.53
#
# BPAIRS 46
# avg substitutions per BP  139.6
# BPAIRS expected to covary 36.8 +/- 2.2
# BPAIRS observed to covary 44
#
