# R-scape :: RNA Structural Covariation Above Phylogenetic Expectation
# R-scape 1.5.16 elenarivas@fas.harvard.edu (August 2020)
# Copyright (C) 2016-2019 Howard Hughes Medical Institute.
# Freely distributed under the GNU General Public License (GPLv3).
#-------------------------------------------------------------------------------------------------------
# MSA RF03065_IS605-orfB-I nseq 259 (259) alen 226 (396) avgid 60.47 (59.12) nbpairs 63 (63)
# Two-set statistical test (one test for annotated basepairs, another for all other pairs)
#
#
# Method Target_E-val [cov_min,cov_max] [FP | TP True Found | Sen PPV F] 
# GTp    0.05         [-9.61,487.61]     [18 | 27 63 45 | 42.86 60.00 50.00] 
#
#       left_pos       right_pos        score          E-value       substitutions      power
#-------------------------------------------------------------------------------------------------------
 	      84	     230	487.61137	1.85256e-16	36		0.37
*	     260	     278	375.09399	5.89649e-14	48		0.47
*	       5	      55	373.51819	6.93687e-14	29		0.30
*	      23	      38	349.03362	8.95424e-13	50		0.49
~	     253	     284	397.31847	2.34086e-12	21		0.21
 	      97	     222	379.92869	1.45781e-11	53		0.51
*	     292	     383	302.38249	1.15907e-10	37		0.38
*	      24	      37	300.79843	1.36271e-10	37		0.38
*	     261	     277	297.16426	1.96128e-10	27		0.28
*	     291	     384	293.50733	2.93897e-10	46		0.46
*	      26	      35	289.24847	4.58516e-10	27		0.28
*	      25	      36	281.36320	1.02891e-09	27		0.28
 	      82	     232	323.62199	5.03076e-09	53		0.51
*	     262	     276	263.76351	6.32758e-09	52		0.50
*	       1	      59	254.08714	1.73322e-08	39		0.40
*	      21	      40	244.74212	4.55473e-08	46		0.46
 	     100	     218	297.92171	7.28189e-08	25		0.26
*	     244	     255	236.50190	1.05966e-07	8		0.05
 	      83	     231	283.57823	3.2504e-07	37		0.38
 	      99	     219	279.56630	4.86849e-07	48		0.47
*	      17	      42	218.38860	6.70908e-07	23		0.24
~	      81	     233	268.31380	1.56984e-06	28		0.29
 	      98	     220	267.74805	1.70176e-06	51		0.50
*	      14	      45	202.14428	3.5959e-06	34		0.35
 	      86	     228	244.69153	1.83361e-05	57		0.54
*	     296	     378	185.46840	1.98943e-05	48		0.47
~	      27	      33	230.23931	8.11121e-05	20		0.20
 	      85	     229	229.99888	8.44341e-05	49		0.48
*	     289	     386	166.09536	0.000143178	10		0.08
*	     297	     377	164.62643	0.000161062	88		0.72
*	     264	     274	155.62220	0.000395653	14		0.13
 	      95	     223	214.28430	0.000419516	39		0.40
*	      15	      44	151.38342	0.000606504	8		0.05
*	     293	     382	148.28525	0.000826386	48		0.47
*	      16	      43	136.37240	0.00270217	9		0.07
*	       3	      58	135.66686	0.00291393	17		0.17
 	     157	     212	194.74798	0.0030863	64		0.59
*	     298	     376	126.28936	0.00710366	72		0.64
*	     252	     388	121.47154	0.0109336	14		0.13
 	     255	     266	178.58699	0.0163359	18		0.18
 	     210	     284	177.28840	0.0183924	17		0.17
 	     210	     253	177.31453	0.0183924	16		0.16
*	     299	     375	108.60434	0.0307426	83		0.69
 	     244	     266	171.10047	0.0345741	20		0.20
*	     300	     374	104.18271	0.0453451	56		0.53

# The given structure
# SS_cons   <-<<<<<-----<<<<<<--<-<<<<________>>>>->>>>>>>------>>>>->>:
# SS_cons_1 ::::::::::::::::::::::::::::::::::::::::::::::::::::::::::::
#
# SS_cons   :::::::::::::::::::::<<<<<<------<<-<<<<<<------------------
# SS_cons_1 ::::::::::::::::::::::::::::::::::::::::::::::::::::::::::::
#
# SS_cons   -----------------------------------<<<______________________
# SS_cons_1 ::::::::::::::::::::::::::::::::::::::::::::::::::::::::::::
#
# SS_cons   ___________________________>>>------->>>->>>-->>>>>>>>::::::
# SS_cons_1 ::::::::::::::::::::::::::::::::::::::::::::::::::::::::::::
#
# SS_cons   <<<<<________>>>>>:<<<<<_________>>>>>::::::::::<<<<<<<<<<<<
# SS_cons_1 ::::::<<<<<<________________________________________________
#
# SS_cons   <___________________________________________________________
# SS_cons_1 ____________________________________________________________
#
# SS_cons   ____________>>>>>>>>->>>>>::::::::::
# SS_cons_1 ___________________________>>>>>>:::
#

# Power analysis of given structure 
#
# covary  left_pos      right_pos    substitutions      power
#----------------------------------------------------------------
     *    1		59		39		0.40
     *    3		58		17		0.17
          4		56		23		0.24
     *    5		55		29		0.30
          6		54		14		0.13
          7		53		8		0.05
          13		46		1		0.00
     *    14		45		34		0.35
     *    15		44		8		0.05
     *    16		43		9		0.07
     *    17		42		23		0.24
          18		41		29		0.30
     *    21		40		46		0.46
     *    23		38		50		0.49
     *    24		37		37		0.38
     *    25		36		27		0.28
     *    26		35		27		0.28
          82		234		41		0.41
          83		233		32		0.33
          84		232		45		0.45
          85		231		42		0.42
          86		230		53		0.51
          87		229		50		0.49
          94		228		50		0.49
          95		227		34		0.35
          97		224		42		0.42
          98		223		35		0.36
          99		222		45		0.45
          100		220		48		0.47
          101		219		28		0.29
          102		218		14		0.13
          156		210		30		0.31
          157		209		47		0.46
          158		208		20		0.20
          241		258		20		0.20
          242		257		6		0.03
          243		256		0		0.00
     *    244		255		8		0.05
          245		254		8		0.05
          247		393		45		0.45
          248		392		24		0.25
          249		391		17		0.17
          250		390		5		0.01
          251		389		11		0.09
     *    252		388		14		0.13
     *    260		278		48		0.47
     *    261		277		27		0.28
     *    262		276		52		0.50
          263		275		33		0.34
     *    264		274		14		0.13
     *    289		386		10		0.08
          290		385		11		0.09
     *    291		384		46		0.46
     *    292		383		37		0.38
     *    293		382		48		0.47
          294		380		33		0.34
          295		379		33		0.34
     *    296		378		48		0.47
     *    297		377		88		0.72
     *    298		376		72		0.64
     *    299		375		83		0.69
     *    300		374		56		0.53
          301		373		31		0.32
#
# BPAIRS 63
# avg substitutions per BP  31.8
# BPAIRS expected to covary 19.4 +/- 3.4
# BPAIRS observed to covary 27
#
