# R-scape :: RNA Structural Covariation Above Phylogenetic Expectation
# R-scape 1.5.16 elenarivas@fas.harvard.edu (August 2020)
# Copyright (C) 2016-2019 Howard Hughes Medical Institute.
# Freely distributed under the GNU General Public License (GPLv3).
#-------------------------------------------------------------------------------------------------------
# MSA RF03087_ROOL nseq 290 (290) alen 623 (1353) avgid 43.67 (42.19) nbpairs 172 (172)
# Two-set statistical test (one test for annotated basepairs, another for all other pairs)
#
#
# Method Target_E-val [cov_min,cov_max] [FP | TP True Found | Sen PPV F] 
# GTp    0.05         [-9.70,665.95]     [83 | 119 172 202 | 69.19 58.91 63.64] 
#
#       left_pos       right_pos        score          E-value       substitutions      power
#-------------------------------------------------------------------------------------------------------
*	     418	     753	665.95080	9.49686e-37	117		0.83
*	    1026	    1251	633.20209	8.25627e-35	94		0.74
*	     448	     488	620.95593	4.24966e-34	116		0.82
*	    1024	    1253	613.24299	1.2327e-33	117		0.83
*	     417	     754	612.66449	1.33793e-33	92		0.74
*	     765	     854	611.98766	1.45214e-33	78		0.67
*	     401	     828	608.22333	2.37391e-33	106		0.79
*	      27	      75	597.68561	9.9546e-33	53		0.51
*	      28	      74	592.02935	2.16756e-32	78		0.67
*	     419	     752	587.57279	4.00652e-32	99		0.76
*	     400	     829	587.13421	4.17401e-32	112		0.81
*	      50	      67	577.11926	1.61243e-31	115		0.82
 	    1143	    1243	627.34348	2.02357e-31	93		0.74
*	     413	     815	575.01466	2.14771e-31	98		0.76
*	    1025	    1252	573.26251	2.74591e-31	102		0.78
*	     550	     734	568.67570	5.07523e-31	96		0.75
*	     779	     802	563.16366	1.10498e-30	132		0.87
 	     391	    1271	614.80338	1.13044e-30	114		0.82
*	      82	     351	560.37929	1.59739e-30	121		0.84
*	     258	     296	559.50042	1.80618e-30	122		0.84
*	      51	      66	550.87466	5.68447e-30	119		0.83
*	     540	     561	549.88887	6.69608e-30	131		0.86
*	     846	     971	545.48132	1.18789e-29	92		0.74
*	     421	     751	545.66250	1.18789e-29	105		0.79
*	    1305	    1331	538.94303	2.92399e-29	80		0.68
*	     447	     489	538.88443	2.92399e-29	97		0.76
*	      86	     347	536.47147	4.05721e-29	130		0.86
*	     845	     972	532.52131	6.90847e-29	72		0.64
*	     257	     297	530.97610	8.47785e-29	118		0.83
*	     780	     801	519.70258	4.01725e-28	119		0.83
*	     132	     165	508.28029	1.82703e-27	119		0.83
*	      84	     348	506.67436	2.33568e-27	131		0.86
*	      49	      68	505.81611	2.64087e-27	125		0.85
*	     412	     816	505.07336	2.86618e-27	104		0.78
*	     781	     800	505.13715	2.86618e-27	103		0.78
*	     764	     855	503.89714	3.37609e-27	52		0.50
 	     392	    1270	547.17036	1.08943e-26	96		0.75
*	      83	     350	494.31404	1.25106e-26	119		0.83
*	     766	     853	492.94276	1.47362e-26	79		0.67
 	      22	    1333	544.00257	1.64066e-26	81		0.68
*	     506	     625	487.13456	3.2072e-26	70		0.62
*	     763	     856	486.71688	3.48079e-26	89		0.72
 	    1144	    1242	537.67145	3.87647e-26	70		0.62
*	     508	     623	485.37436	4.09996e-26	57		0.54
*	     522	     571	469.73301	3.44382e-25	115		0.82
*	     446	     490	466.42241	5.40185e-25	101		0.77
*	      48	      69	464.93096	6.62835e-25	103		0.78
*	     204	     237	461.33107	1.08311e-24	87		0.71
*	      26	      76	460.95302	1.12835e-24	44		0.44
*	     192	     247	460.46796	1.22458e-24	144		0.89
 	     989	    1019	511.67519	1.31074e-24	88		0.72
*	     778	     803	458.13186	1.63075e-24	111		0.81
 	     371	    1291	507.50936	2.32495e-24	120		0.83
*	      81	     353	448.99362	5.79806e-24	112		0.81
*	     777	     804	446.58166	8.04343e-24	88		0.72
*	     523	     570	442.16964	1.4263e-23	133		0.87
 	      21	    1334	490.81711	2.20878e-23	92		0.74
 	    1027	    1250	484.33740	5.43519e-23	70		0.62
*	     415	     813	430.88558	6.75145e-23	61		0.57
 	    1061	    1133	482.48951	6.94808e-23	106		0.79
*	     541	     560	429.62655	7.95179e-23	125		0.85
 	     370	    1292	479.43916	1.04619e-22	122		0.84
*	    1306	    1330	426.43688	1.1971e-22	61		0.57
*	     509	     622	426.36670	1.24709e-22	81		0.68
 	     398	    1257	476.12650	1.64108e-22	77		0.66
*	     422	     750	420.08198	2.82626e-22	85		0.70
 	     987	    1021	470.58465	3.42811e-22	112		0.81
*	     833	     983	414.63126	5.90168e-22	64		0.59
*	     539	     562	413.73875	6.67219e-22	141		0.89
*	     131	     166	413.73774	6.67219e-22	116		0.82
*	     549	     735	411.71822	8.88412e-22	49		0.48
*	     449	     487	411.53674	9.25504e-22	97		0.76
 	      19	    1337	452.92835	3.83356e-21	91		0.73
 	      20	    1335	452.61811	3.99368e-21	99		0.76
*	     402	     827	400.49649	4.03484e-21	94		0.74
*	     190	     249	400.21973	4.20328e-21	122		0.84
*	     259	     295	400.02886	4.37874e-21	105		0.79
*	     138	     159	381.06676	5.75678e-20	47		0.46
 	     372	    1290	431.25322	7.0016e-20	120		0.83
 	    1139	    1247	427.00251	1.2933e-19	90		0.73
 	    1145	    1241	426.17166	1.40356e-19	65		0.59
 	     373	    1289	424.59753	1.72212e-19	116		0.82
*	     113	     185	372.68697	1.73618e-19	75		0.65
 	     397	    1258	423.48765	2.02827e-19	44		0.44
*	     510	     621	368.77752	2.95397e-19	70		0.62
 	     990	    1018	417.86045	4.41231e-19	73		0.64
*	    1155	    1177	363.24182	6.42276e-19	90		0.73
*	     136	     161	358.19900	1.23525e-18	58		0.55
*	      87	     346	345.37626	7.16128e-18	94		0.74
*	     202	     238	341.64291	1.16939e-17	98		0.76
*	     414	     814	341.49826	1.21816e-17	57		0.54
*	     112	     186	340.10752	1.43447e-17	82		0.69
 	      18	    1338	389.11996	2.14806e-17	102		0.78
~	     399	     831	379.64557	7.6303e-17	56		0.53
 	    1141	    1245	379.54284	7.94874e-17	73		0.64
*	     260	     294	325.53018	1.06205e-16	85		0.70
 	     393	    1269	366.10473	4.80313e-16	47		0.46
~	    1062	    1132	365.24823	5.42981e-16	99		0.76
*	     411	     817	312.35803	6.15084e-16	59		0.55
 	     374	    1288	361.53204	8.86785e-16	97		0.76
*	     193	     246	308.75801	1.00408e-15	125		0.85
*	     189	     250	308.30780	1.08953e-15	110		0.80
 	      17	    1339	352.65545	3.0224e-15	108		0.80
*	     114	     184	294.73093	6.56866e-15	97		0.76
*	    1307	    1329	293.47515	8.0561e-15	84		0.70
 	     375	    1287	343.56196	1.02994e-14	103		0.78
*	     511	     620	289.29506	1.3696e-14	65		0.59
*	     944	    1237	287.80460	1.67969e-14	65		0.59
*	     524	     569	287.40990	1.82256e-14	121		0.84
*	     135	     162	287.38204	1.82256e-14	109		0.80
*	    1153	    1179	286.25283	2.14579e-14	95		0.75
*	     200	     241	285.70147	2.23519e-14	102		0.78
*	      29	      73	285.64554	2.3283e-14	29		0.30
*	     256	     298	285.09221	2.4253e-14	77		0.66
*	     199	     242	284.82937	2.52633e-14	109		0.80
*	    1308	    1328	284.42966	2.7412e-14	80		0.68
 	      16	    1340	334.13132	3.65538e-14	101		0.77
*	    1160	    1172	276.63106	7.60366e-14	56		0.53
*	      52	      65	274.30277	1.05387e-13	55		0.53
*	     195	     244	270.16506	1.86576e-13	116		0.82
 	    1146	    1240	319.92251	2.49351e-13	38		0.39
 	      10	    1346	317.86511	3.31884e-13	105		0.79
 	     396	    1259	310.53187	8.8448e-13	90		0.73
*	     201	     240	244.54260	5.97361e-12	105		0.79
 	     377	    1285	294.77345	7.39284e-12	94		0.74
*	     129	     168	242.66455	7.62861e-12	137		0.88
*	     128	     169	242.19907	7.94596e-12	113		0.81
 	    1142	    1244	292.59203	1.02482e-11	63		0.58
*	     137	     160	233.70255	2.59042e-11	66		0.60
 	     378	    1284	280.61445	5.03461e-11	88		0.72
~	    1023	    1254	272.09718	1.57819e-10	83		0.69
*	    1161	    1171	219.68544	1.68665e-10	61		0.57
*	     548	     736	214.86578	3.2352e-10	31		0.32
*	     125	     171	213.54769	3.80722e-10	136		0.88
*	    1154	    1178	212.35934	4.48034e-10	69		0.62
*	      25	      77	212.11719	4.66644e-10	19		0.19
 	    1060	    1134	261.57021	6.58e-10	75		0.65
 	     390	    1272	260.95861	7.13924e-10	102		0.78
*	     946	    1235	206.99095	9.31981e-10	24		0.25
*	     844	     973	206.48201	1.01099e-09	19		0.19
*	    1159	    1173	203.60138	1.45796e-09	86		0.71
*	     118	     180	201.63209	1.93819e-09	124		0.85
 	     991	    1017	252.94015	2.147e-09	29		0.30
~	      78	     355	248.49406	3.95754e-09	59		0.55
 	      12	    1344	246.59522	5.05418e-09	114		0.82
 	    1140	    1246	243.73831	7.29415e-09	60		0.56
~	    1256	    1261	243.21572	7.91367e-09	43		0.43
 	      14	    1342	238.41286	1.51904e-08	105		0.79
 	      15	    1341	235.70626	2.192e-08	114		0.82
*	    1158	    1174	178.81615	4.08291e-08	97		0.76
~	     832	     984	228.61629	5.5947e-08	54		0.52
 	     376	    1286	224.67823	9.50005e-08	95		0.75
~	    1063	    1131	223.53262	1.11807e-07	56		0.53
*	     117	     181	164.52689	2.8615e-07	118		0.83
~	    1162	    1166	215.70610	3.22257e-07	46		0.46
 	       9	    1347	206.67622	1.09247e-06	118		0.83
*	     507	     624	153.12367	1.28054e-06	17		0.17
 	      13	    1343	203.28799	1.70902e-06	98		0.76
*	     945	    1236	150.27465	1.91911e-06	22		0.23
*	     403	     826	145.63272	3.51956e-06	86		0.71
 	      11	    1345	197.15682	4.01449e-06	115		0.82
*	     119	     178	143.13847	4.86264e-06	116		0.82
~	     542	     559	195.55141	4.9194e-06	55		0.53
*	     947	    1234	141.63713	5.95084e-06	14		0.13
 	    1149	    1233	193.49954	6.53867e-06	29		0.30
*	     410	     818	140.66018	6.99396e-06	50		0.49
*	     762	     857	133.39773	1.84159e-05	93		0.74
*	     416	     755	132.54120	2.07826e-05	32		0.33
~	       6	    1350	184.66020	2.12439e-05	129		0.86
 	      26	     220	184.47571	2.21245e-05	54		0.52
 	      76	     220	184.47571	2.21245e-05	54		0.52
*	    1142	    1245	126.11543	4.84028e-05	77		0.66
~	    1064	    1130	176.42702	6.35817e-05	45		0.45
 	    1161	    1162	173.62185	9.1611e-05	43		0.43
*	     843	     974	120.37329	0.000103856	14		0.13
 	     986	    1022	164.61140	0.000309261	69		0.62
~	    1162	    1171	163.75495	0.000349246	58		0.55
 	     763	     855	160.66237	0.000523732	69		0.62
 	    1161	    1166	159.80471	0.00059141	49		0.48
~	    1166	    1171	159.53981	0.000615857	64		0.59
*	     525	     568	105.91937	0.000708529	121		0.84
 	     764	     856	158.27426	0.000724168	72		0.64
 	       8	    1348	157.09804	0.000851504	106		0.79
~	     379	    1283	155.33009	0.00108564	57		0.54
 	     763	     764	153.39772	0.00138406	67		0.61
~	     504	     505	152.57949	0.0015627	22		0.23
~	     782	     799	148.92425	0.00253917	50		0.49
*	     398	    1258	91.54711	0.00455431	61		0.57
 	     855	     856	142.91329	0.00569836	74		0.65
~	       5	    1351	139.62970	0.00888493	103		0.78
~	     465	     467	138.44700	0.0104416	103		0.78
*	    1146	    1241	84.98696	0.010746	51		0.50
~	     357	    1302	135.94926	0.014419	38		0.39
 	    1151	    1231	135.36559	0.0156302	49		0.48
 	      27	      76	134.39188	0.01764	49		0.48
 	      26	      27	134.39188	0.01764	49		0.48
 	      75	      76	132.72654	0.0224663	48		0.47
 	      26	      75	132.72654	0.0224663	48		0.47
*	     847	     970	77.71604	0.0269118	40		0.41
~	     395	    1261	129.10915	0.0364289	39		0.40
~	       3	    1353	128.63715	0.0379253	135		0.87
 	    1024	    1025	128.62249	0.0379253	108		0.80

# The given structure
# SS_cons   ::::::{{{{{{{{{{{{{{{{,,<<<<<------------------<<<<<________
# SS_cons_1 ::::::::::::::::::::::::::::::::::::::::::::::::::::::::::::
# SS_cons_2 ::::::::::::::::::::::::::::::::::::::::::::::::::::::::::::
# SS_cons_3 ::::::::::::::::::::::::::::::::::::::::::::::::::::::::::::
#
# SS_cons   ____>>>>>--->>>>>,,,((((-((,,,,,,,,,,,,,,,,,,,,,,,,<<<--<<<-
# SS_cons_1 ::::::::::::::::::::::::::::::::::::::::::::::::::::::::::::
# SS_cons_2 ::::::::::::::::::::::::::::::::::::::::::::::::::::::::::::
# SS_cons_3 ::::::::::::::::::::::::::::::::::::::::::::::::::::::::::::
#
# SS_cons   ----<--<<-<<--<<<<____________________>>>>-->>->>->------>->
# SS_cons_1 ::::::::::::::::::::::::::::::::::::::::::::::::::::::::::::
# SS_cons_2 ::::::::::::::::::::::::::::::::::::::::::::::::::::::::::::
# SS_cons_3 ::::::::::::::::::::::::::::::::::::::::::::::::::::::::::::
#
# SS_cons   >-->>>,<<<-<<-<---<<<<-<________________________________>>->
# SS_cons_1 ::::::::::::::::::::::::::::::::::::::::::::::::::::::::::::
# SS_cons_2 ::::::::::::::::::::::::::::::::::::::::::::::::::::::::::::
# SS_cons_3 ::::::::::::::::::::::::::::::::::::::::::::::::::::::::::::
#
# SS_cons   >>->->>->>>,,,,<<<<<_________________________________>>>>>,,
# SS_cons_1 ::::::::::::::::::::::::::::::::::::::::::::::::::::::::::::
# SS_cons_2 ::::::::::::::::::::::::::::::::::::::::::::::::::::::::::::
# SS_cons_3 ::::::::::::::::::::::::::::::::::::::::::::::::::::::::::::
#
# SS_cons   ,,,,,,,,,,,,,,,,,,,,,,,,,,,,,,,,,,,,,,,,,,,,,)))-))-),,,,,,,
# SS_cons_1 ::::::::::::::::::::::::::::::::::::::::::::::::::::::::::::
# SS_cons_2 ::::::::::::::::::::::::::::::::::::::::::::::::::::::::::::
# SS_cons_3 ::::::::::::::::::::::::::::::::::::::::::::::::::::::::::::
#
# SS_cons   ,,,,,,,,,{{{{{{{{{-----------{{{{--{{{,[[[[----[[[[[[[[((((-
# SS_cons_1 ::::::::::::::::::::::::::::::::::::::::::::::::::::::::::::
# SS_cons_2 ::::::::::::::::::::::::::::::::::::::::::::::::::::::::::::
# SS_cons_3 ::::::::::::::::::::::::::::::::::::::::::::::::::::::::::::
#
# SS_cons   ((,,,,,,,,,,,,,,,,,,,,,,,<<<<_______________________________
# SS_cons_1 ::::::::::::::::::::::::::::::::::::::::::::::::::::::::::::
# SS_cons_2 ::::::::::::::::::::::::::::::::::::::::::::::::::::::::::::
# SS_cons_3 ::::::::::::::::::::::::::::::::::::::::::::::::::::::::::::
#
# SS_cons   ______>>>>,,,,,,,,,,,,,,,<<<<<<----------<<<<-------------<<
# SS_cons_1 ::::::::::::::::::::::::::::::::::::::::::::::::::::::::::::
# SS_cons_2 ::::::::::::::::::::::::::::::::::::::::::::::::::::::::::::
# SS_cons_3 ::::::::::::::::::::::::::::::::::::::::::::::::::::::::::::
#
# SS_cons   <__________________>>>----->>>>-----------------------------
# SS_cons_1 ::::::<<<<__________________________________________________
# SS_cons_2 ::::::::::::::::::::::::::::::::::::::::::::::::::::::::::::
# SS_cons_3 ::::::::::::::::::::::::::::::::::::::::::::::::::::::::::::
#
# SS_cons   ------------------->>>>>>,,,,,,,,,,,,,,,,,,,,,,,,,,,,,,,,,,,
# SS_cons_1 ____________________________________________________________
# SS_cons_2 ::::::::::::::::::::::::::::::::::::::::::::::::::::::::::::
# SS_cons_3 ::::::::::::::::::::::::::::::::::::::::::::::::::::::::::::
#
# SS_cons   ,,,,,,,,,,,,,,,,,,,,,,,,,,,,,,,,,,,,,,,,,,,,,,,,,,,,,,,,,,,,
# SS_cons_1 ____________________________________________________________
# SS_cons_2 ::::::::::::::::::::::::::::::::::::::::::::::::::::::::::::
# SS_cons_3 ::::::::::::::::::::::::::::::::::::::::::::::::::::::::::::
#
# SS_cons   ,,,,,,,,,,,,,,,,,,,,,,,,,,,,,)))))),,,,,,,,,,,,,,,,,,,,,<<<<
# SS_cons_1 _____________>>>>:::::::::::::::::::::::::::::::::::::::::::
# SS_cons_2 :::::::::::::::::::::::::::::::::::::::::<<<<<______________
# SS_cons_3 ::::::::::::::::::::::::::::::::::::::::::::::::::::::::::::
#
# SS_cons   <__________________>>>>>,,,,,,,,]]]]]]]]-----]]]],,,<-------
# SS_cons_1 ::::::::::::::::::::::::::::::::::::::::::::::::::::::::::::
# SS_cons_2 ____________________________________________________________
# SS_cons_3 ::::::::::::::::::::::::::::::::::::::::::::::::::::::::::::
#
# SS_cons   --<<<<<<____________________________________________________
# SS_cons_1 ::::::::::::::::::::::::::::::::::::::::::::::::::::::::::::
# SS_cons_2 ____________>>>>>:::::::::::::::::::::::::::::::::::::::::::
# SS_cons_3 ::::::::::::::::::::::::::::::::::::::::::::::::::::::::::::
#
# SS_cons   ____________________________________________________________
# SS_cons_1 ::::::::::::::::::::::::::::::::::::::::::::::::::::::::::::
# SS_cons_2 ::::::::::::::::::::::::::::::::::::::::::::::::::::::::::::
# SS_cons_3 :::::::::::::::::::::::::::::::::::::::::::<<<<_____________
#
# SS_cons   ________>>>>>>-------->,,[<-<<<__________________________>>-
# SS_cons_1 ::::::::::::::::::::::::::::::::::::::::::::::::::::::::::::
# SS_cons_2 ::::::::::::::::::::::::::::::::::::::::::::::::::::::::::::
# SS_cons_3 ____________________________________________________________
#
# SS_cons   >>,(((<--------------------------------<<___________________
# SS_cons_1 ::::::::::::::::::::::::::::::::::::::::::::::::::::::::::::
# SS_cons_2 ::::::::::::::::::::::::::::::::::::::::::::::::::::::::::::
# SS_cons_3 ____________________________________________________________
#
# SS_cons   ___________________________________________________>>>,,,,<<
# SS_cons_1 ::::::::::::::::::::::::::::::::::::::::::::::::::::::::::::
# SS_cons_2 ::::::::::::::::::::::::::::::::::::::::::::::::::::::::::::
# SS_cons_3 ____________________________________________________________
#
# SS_cons   <<<<<<--<<<-<<<--<<<<_________>>>>-->>>---------------------
# SS_cons_1 ::::::::::::::::::::::::::::::::::::::::::::::::::::::::::::
# SS_cons_2 ::::::::::::::::::::::::::::::::::::::::::::::::::::::::::::
# SS_cons_3 ____________________________________________________________
#
# SS_cons   ------------------------------->>------>>>>>>>>-->))),,,]}}-
# SS_cons_1 ::::::::::::::::::::::::::::::::::::::::::::::::::::::::::::
# SS_cons_2 ::::::::::::::::::::::::::::::::::::::::::::::::::::::::::::
# SS_cons_3 _________________________________>>>>:::::::::::::::::::::::
#
# SS_cons   --------}}}}}-----------}}}}}}}},,,,,,,,,,,,<<<<____________
# SS_cons_1 ::::::::::::::::::::::::::::::::::::::::::::::::::::::::::::
# SS_cons_2 ::::::::::::::::::::::::::::::::::::::::::::::::::::::::::::
# SS_cons_3 ::::::::::::::::::::::::::::::::::::::::::::::::::::::::::::
#
# SS_cons   _______>>>>,}}}-}}}}}}}}}}}}}}:::
# SS_cons_1 :::::::::::::::::::::::::::::::::
# SS_cons_2 :::::::::::::::::::::::::::::::::
# SS_cons_3 :::::::::::::::::::::::::::::::::
#

# Power analysis of given structure 
#
# covary  left_pos      right_pos    substitutions      power
#----------------------------------------------------------------
          7		1350		115		0.82
          8		1349		111		0.81
          9		1348		113		0.81
          10		1347		111		0.81
          11		1346		110		0.80
          12		1345		116		0.82
          13		1344		109		0.80
          14		1343		106		0.79
          15		1342		103		0.78
          16		1341		109		0.80
          17		1340		101		0.77
          18		1339		103		0.78
          19		1338		94		0.74
          20		1337		101		0.77
          21		1335		92		0.74
          22		1334		88		0.72
     *    25		77		19		0.19
     *    26		76		44		0.44
     *    27		75		53		0.51
     *    28		74		78		0.67
     *    29		73		29		0.30
     *    48		69		103		0.78
     *    49		68		125		0.85
     *    50		67		115		0.82
     *    51		66		119		0.83
     *    52		65		55		0.53
     *    81		353		112		0.81
     *    82		351		121		0.84
     *    83		350		119		0.83
     *    84		348		131		0.86
     *    86		347		130		0.86
     *    87		346		94		0.74
     *    112		186		82		0.69
     *    113		185		75		0.65
     *    114		184		97		0.76
     *    117		181		118		0.83
     *    118		180		124		0.85
     *    119		178		116		0.82
     *    125		171		136		0.88
     *    128		169		113		0.81
     *    129		168		137		0.88
     *    131		166		116		0.82
     *    132		165		119		0.83
     *    135		162		109		0.80
     *    136		161		58		0.55
     *    137		160		66		0.60
     *    138		159		47		0.46
          188		251		80		0.68
     *    189		250		110		0.80
     *    190		249		122		0.84
     *    192		247		144		0.89
     *    193		246		125		0.85
     *    195		244		116		0.82
     *    199		242		109		0.80
     *    200		241		102		0.78
     *    201		240		105		0.79
     *    202		238		98		0.76
     *    204		237		87		0.71
     *    256		298		77		0.66
     *    257		297		118		0.83
     *    258		296		122		0.84
     *    259		295		105		0.79
     *    260		294		85		0.70
          370		1333		103		0.78
          371		1292		122		0.84
          372		1291		115		0.82
          373		1290		117		0.83
          374		1289		111		0.81
          375		1288		98		0.76
          376		1287		96		0.75
          377		1286		99		0.76
          378		1285		89		0.72
          390		1273		95		0.75
          391		1272		113		0.81
          392		1271		102		0.78
          393		1270		73		0.64
          396		1269		78		0.67
          397		1259		60		0.56
     *    398		1258		61		0.57
     *    400		829		112		0.81
     *    401		828		106		0.79
     *    402		827		94		0.74
     *    403		826		86		0.71
          408		820		82		0.69
          409		819		94		0.74
     *    410		818		50		0.49
     *    411		817		59		0.55
     *    412		816		104		0.78
     *    413		815		98		0.76
     *    414		814		57		0.54
     *    415		813		61		0.57
     *    416		755		32		0.33
     *    417		754		92		0.74
     *    418		753		117		0.83
     *    419		752		99		0.76
     *    421		751		105		0.79
     *    422		750		85		0.70
     *    446		490		101		0.77
     *    447		489		97		0.76
     *    448		488		116		0.82
     *    449		487		97		0.76
     *    506		625		70		0.62
     *    507		624		17		0.17
     *    508		623		57		0.54
     *    509		622		81		0.68
     *    510		621		70		0.62
     *    511		620		65		0.59
     *    522		571		115		0.82
     *    523		570		133		0.87
     *    524		569		121		0.84
     *    525		568		121		0.84
     *    539		562		141		0.89
     *    540		561		131		0.86
     *    541		560		125		0.85
          547		737		33		0.34
     *    548		736		31		0.32
     *    549		735		49		0.48
     *    550		734		96		0.75
     *    762		857		93		0.74
     *    763		856		89		0.72
     *    764		855		52		0.50
     *    765		854		78		0.67
     *    766		853		79		0.67
     *    777		804		88		0.72
     *    778		803		111		0.81
     *    779		802		132		0.87
     *    780		801		119		0.83
     *    781		800		103		0.78
     *    833		983		64		0.59
     *    843		974		14		0.13
     *    844		973		19		0.19
     *    845		972		72		0.64
     *    846		971		92		0.74
     *    847		970		40		0.41
          848		969		37		0.38
     *    944		1237		65		0.59
     *    945		1236		22		0.23
     *    946		1235		24		0.25
     *    947		1234		14		0.13
          986		1257		74		0.65
          987		1022		87		0.71
          989		1021		102		0.78
          990		1019		77		0.66
          991		1018		53		0.51
     *    1024		1253		117		0.83
     *    1025		1252		102		0.78
     *    1026		1251		94		0.74
          1027		1134		81		0.68
          1060		1133		86		0.71
          1061		1132		102		0.78
          1139		1250		75		0.65
          1140		1247		77		0.66
          1141		1246		61		0.57
     *    1142		1245		77		0.66
          1143		1244		75		0.65
          1144		1243		81		0.68
          1145		1242		68		0.61
     *    1146		1241		51		0.50
          1149		1240		35		0.36
          1150		1233		19		0.19
          1151		1232		52		0.50
     *    1153		1179		95		0.75
     *    1154		1178		69		0.62
     *    1155		1177		90		0.73
     *    1158		1174		97		0.76
     *    1159		1173		86		0.71
     *    1160		1172		56		0.53
     *    1161		1171		61		0.57
     *    1305		1331		80		0.68
     *    1306		1330		61		0.57
     *    1307		1329		84		0.70
     *    1308		1328		80		0.68
#
# BPAIRS 172
# avg substitutions per BP  88.3
# BPAIRS expected to covary 118.3 +/- 5.7
# BPAIRS observed to covary 119
#
