# R-scape :: RNA Structural Covariation Above Phylogenetic Expectation
# R-scape 1.5.16 elenarivas@fas.harvard.edu (August 2020)
# Copyright (C) 2016-2019 Howard Hughes Medical Institute.
# Freely distributed under the GNU General Public License (GPLv3).
#-------------------------------------------------------------------------------------------------------
# MSA RF03116_aCoV-5UTR nseq 17 (17) alen 350 (404) avgid 49.07 (47.53) nbpairs 90 (90)
# Two-set statistical test (one test for annotated basepairs, another for all other pairs)
#
#
# Method Target_E-val [cov_min,cov_max] [FP | TP True Found | Sen PPV F] 
# GTp    0.05         [-9.74,25.37]     [0 | 25 90 25 | 27.78 100.00 43.48] 
#
#       left_pos       right_pos        score          E-value       substitutions      power
#-------------------------------------------------------------------------------------------------------
*	     231	     268	25.37246	4.51869e-06	12		0.11
*	     131	     150	23.90381	1.57933e-05	13		0.12
*	     245	     254	23.50591	2.12608e-05	13		0.12
*	      15	      54	23.27166	2.54088e-05	10		0.08
*	     285	     302	20.45377	0.000270126	15		0.14
*	     207	     350	20.24092	0.000322133	10		0.08
*	     288	     299	19.53666	0.000578386	6		0.03
*	     319	     328	19.45804	0.000613154	10		0.08
*	     289	     298	18.84377	0.000976975	9		0.07
*	      17	      52	18.15577	0.00174311	9		0.07
*	     286	     301	17.96720	0.00195607	16		0.16
*	     133	     148	17.38203	0.00327728	13		0.12
*	     134	     147	17.32960	0.00327728	9		0.07
*	     218	     341	17.15034	0.00388817	9		0.07
*	     243	     256	17.03459	0.00411555	16		0.16
*	     317	     330	16.26023	0.00764759	9		0.07
*	      61	      74	16.26021	0.00764759	2		0.00
*	     240	     259	15.50809	0.0140109	12		0.11
*	     316	     331	15.11131	0.0183162	11		0.09
*	     110	     178	14.74709	0.0237783	4		0.00
*	     113	     175	14.74709	0.0237783	4		0.00
*	     282	     303	14.72059	0.0250248	16		0.16
*	     318	     329	14.55746	0.0276788	12		0.11
*	      16	      53	14.36466	0.0320581	11		0.09
*	      30	      37	14.20105	0.035221	2		0.00

# The given structure
# SS_cons :::::::::::<<<<<<-<<<----<<<<<<____>>>>>>------>>>->>>>>>::<
#
# SS_cons <<<<______>>>>>:::::::::::::::::::::::::::::::::<<<<<<<-----
#
# SS_cons -<<<<<<-<<<<<<<<________>>>>>>>>--->>>>>>----------->>>>>>>:
#
# SS_cons ::::::::::::(((-----((((((((--((-(((((((,,,,,,,,<<<<------<<
#
# SS_cons <<<<<<______>>>>>>>>------>>>>,,,,,,,,,<<<--<<<<<<______>>>>
#
# SS_cons >>>>>,,,<<----<<<<<<______>>>>>>---->>)))))-))))))))))))----
#
# SS_cons -)))::::::::::::::::::::::::::::::::::::::::
#

# Power analysis of given structure 
#
# covary  left_pos      right_pos    substitutions      power
#----------------------------------------------------------------
          12		57		8		0.05
          13		56		1		0.00
          14		55		4		0.00
     *    15		54		10		0.08
     *    16		53		11		0.09
     *    17		52		9		0.07
          19		50		6		0.03
          20		49		6		0.03
          21		48		6		0.03
          26		41		2		0.00
          27		40		3		0.00
          28		39		3		0.00
          29		38		1		0.00
     *    30		37		2		0.00
          31		36		1		0.00
          60		75		3		0.00
     *    61		74		2		0.00
          62		73		2		0.00
          63		72		2		0.00
          64		71		0		0.00
          109		179		2		0.00
     *    110		178		4		0.00
          111		177		0		0.00
          112		176		0		0.00
     *    113		175		4		0.00
          114		174		2		0.00
          115		173		3		0.00
          122		161		5		0.01
          123		160		9		0.07
          124		159		7		0.04
          125		158		7		0.04
          126		157		9		0.07
          127		156		9		0.07
          129		152		10		0.08
          130		151		6		0.03
     *    131		150		13		0.12
          132		149		9		0.07
     *    133		148		13		0.12
     *    134		147		9		0.07
          135		146		8		0.05
          136		145		8		0.05
          193		364		3		0.00
          194		363		6		0.03
          195		362		7		0.04
          201		356		2		0.00
          202		355		8		0.05
          203		354		3		0.00
          204		353		11		0.09
          205		352		8		0.05
          206		351		11		0.09
     *    207		350		10		0.08
          208		349		9		0.07
          211		348		10		0.08
          212		347		7		0.04
          214		346		7		0.04
          215		345		5		0.01
          216		343		6		0.03
          217		342		3		0.00
     *    218		341		9		0.07
          219		340		12		0.11
          220		339		4		0.00
          229		270		13		0.12
          230		269		18		0.18
     *    231		268		12		0.11
          232		267		10		0.08
          239		260		8		0.05
     *    240		259		12		0.11
          241		258		10		0.08
          242		257		13		0.12
     *    243		256		16		0.16
          244		255		5		0.01
     *    245		254		13		0.12
          246		253		4		0.00
          280		305		11		0.09
          281		304		9		0.07
     *    282		303		16		0.16
     *    285		302		15		0.14
     *    286		301		16		0.16
          287		300		12		0.11
     *    288		299		6		0.03
     *    289		298		9		0.07
          290		297		0		0.00
          309		338		0		0.00
          310		337		3		0.00
          315		332		4		0.00
     *    316		331		11		0.09
     *    317		330		9		0.07
     *    318		329		12		0.11
     *    319		328		10		0.08
          320		327		2		0.00
#
# BPAIRS 90
# avg substitutions per BP  7.1
# BPAIRS expected to covary 4.4 +/- 2.0
# BPAIRS observed to covary 25
#
