# R-scape :: RNA Structural Covariation Above Phylogenetic Expectation
# R-scape 1.5.16 elenarivas@fas.harvard.edu (August 2020)
# Copyright (C) 2016-2019 Howard Hughes Medical Institute.
# Freely distributed under the GNU General Public License (GPLv3).
#-------------------------------------------------------------------------------------------------------
# MSA RF03122_bCoV-3UTR nseq 17 (17) alen 350 (403) avgid 51.52 (49.85) nbpairs 81 (81)
# Two-set statistical test (one test for annotated basepairs, another for all other pairs)
#
#
# Method Target_E-val [cov_min,cov_max] [FP | TP True Found | Sen PPV F] 
# GTp    0.05         [-9.93,23.06]     [0 | 13 81 13 | 16.05 100.00 27.66] 
#
#       left_pos       right_pos        score          E-value       substitutions      power
#-------------------------------------------------------------------------------------------------------
*	     158	     174	23.05541	7.96456e-06	8		0.05
*	     227	     335	21.74332	3.0792e-05	8		0.05
*	     228	     334	20.86021	7.3855e-05	8		0.05
*	     231	     331	20.46986	0.000103289	6		0.03
*	     230	     332	19.81773	0.000201603	6		0.03
*	     256	     299	19.50334	0.000281323	6		0.03
*	     193	     377	19.26411	0.000343434	4		0.00
*	     153	     179	19.18133	0.000392211	10		0.08
*	     144	     399	16.67963	0.00412271	4		0.00
*	     152	     180	16.63909	0.00439448	7		0.04
*	     159	     173	15.34901	0.0143274	4		0.00
*	     155	     177	14.79041	0.0228582	8		0.05
*	     258	     297	13.98165	0.0438322	8		0.05

# The given structure
# SS_cons ::::::::::::::::::::::::::::::::::::::::::::::::::::::::::::
#
# SS_cons :::<<<<<-<<--<<<<<<-<<<<--<<<<--<<_______>>-->>>>---->>>>->>
#
# SS_cons >>>>>>->>>>>:::::::::[[[-[[[[,<<<<<<<<<<___________>>>>>>>>>
#
# SS_cons >,,,,,,(((((((((((((((((----(((-------------((((((((,,,,,,,,
#
# SS_cons ,,,,,,,,,,,,,<<<<<<<<_______________________________>>>->>>>
#
# SS_cons >,,,,,,,,,,,,,,<<<___>>>,,,,,))))))))----------------)))---)
#
# SS_cons ))))))------)))))))))),,,,<<____>>]]]]]]]::
#

# Power analysis of given structure 
#
# covary  left_pos      right_pos    substitutions      power
#----------------------------------------------------------------
          64		132		6		0.03
          65		131		4		0.00
          66		130		2		0.00
          67		129		2		0.00
          68		128		2		0.00
          70		126		2		0.00
          71		125		6		0.03
          74		124		6		0.03
          75		123		7		0.04
          76		122		4		0.00
          77		121		5		0.01
          78		120		3		0.00
          79		119		9		0.07
          81		117		6		0.03
          82		116		3		0.00
          83		115		4		0.00
          84		114		2		0.00
          87		109		8		0.05
          88		108		8		0.05
          89		107		8		0.05
          90		106		7		0.04
          93		103		5		0.01
          94		102		1		0.00
          142		401		7		0.04
          143		400		1		0.00
     *    144		399		4		0.00
          146		398		1		0.00
          147		397		0		0.00
          148		396		4		0.00
          149		395		4		0.00
          151		181		6		0.03
     *    152		180		7		0.04
     *    153		179		10		0.08
          154		178		7		0.04
     *    155		177		8		0.05
          156		176		5		0.01
          157		175		10		0.08
     *    158		174		8		0.05
     *    159		173		4		0.00
          160		172		6		0.03
          188		382		5		0.01
          189		381		3		0.00
          190		380		4		0.00
          191		379		3		0.00
          192		378		2		0.00
     *    193		377		4		0.00
          194		376		7		0.04
          195		375		3		0.00
          196		374		5		0.01
          197		373		7		0.04
          198		366		4		0.00
          199		365		5		0.01
          200		364		3		0.00
          201		363		5		0.01
          202		362		3		0.00
          203		361		5		0.01
          204		360		6		0.03
          209		356		7		0.04
          210		355		5		0.01
          211		354		7		0.04
          225		337		7		0.04
          226		336		4		0.00
     *    227		335		8		0.05
     *    228		334		8		0.05
          229		333		8		0.05
     *    230		332		6		0.03
     *    231		331		6		0.03
          232		330		0		0.00
          254		301		8		0.05
          255		300		7		0.04
     *    256		299		6		0.03
          257		298		8		0.05
     *    258		297		8		0.05
          259		295		3		0.00
          260		294		4		0.00
          261		293		5		0.01
          316		324		0		0.00
          317		323		0		0.00
          318		322		6		0.03
          387		394		0		0.00
          388		393		2		0.00
#
# BPAIRS 81
# avg substitutions per BP  4.9
# BPAIRS expected to covary 1.7 +/- 1.3
# BPAIRS observed to covary 13
#
