# R-scape :: RNA Structural Covariation Above Phylogenetic Expectation
# R-scape 1.5.4 elenarivas@fas.harvard.edu (May 2020)
# Copyright (C) 2016-2019 Howard Hughes Medical Institute.
# Freely distributed under the GNU General Public License (GPLv3).
gnuplot not found. Some plots will not display
#-------------------------------------------------------------------------------------------------------
# MSA RF00551_bicoid_3 nseq 15 (15) alen 565 (643) avgid 76.92 (75.20) nbpairs 156 (156)
# Two-set statistical test (one test for annotated basepairs, another for all other pairs)
#
#
# Method Target_E-val [cov_min,cov_max] [FP | TP True Found | Sen PPV F] 
# GTp    0.05         [-8.69,17.33]     [0 | 1 156 1 | 0.64 100.00 1.27] 
#
#       left_pos       right_pos        score          E-value       substitutions      power
#-------------------------------------------------------------------------------------------------------
*	      85	     189	16.61973	0.00601765	10		0.08

# The given structure
# SS_cons [[[[--[[[[[[[--[[[[[[---[[[[[[[[[[,,,,,,,,,,,,,,,,,,,,,,,,,,
#
# SS_cons ,,,,,,,,,,<<<<<<<-<<-<<<<<<<<----<<<-<<<<<<<<<-<<<<---<<<<-<
#
# SS_cons <<____________>>>->>->>-->>>>->>>>>>>>>>>>------------------
#
# SS_cons ---->>>>>>>>->>->>>>>>>,,,,,,,,,,,,,,,,,,,,,,,,,(((((((-----
#
# SS_cons ----((((((((-(((--(-((((--((((,,<<<<-<<<<<<<<-------<<-<<---
#
# SS_cons --<<<<<<-----<<<<<<<<-<<<<<<<--<<<<<________________________
#
# SS_cons ________>>>>>->>>-->>>>-->>>>>>>>----------->>>>>>----------
#
# SS_cons >>->>-->>->>>>>>->>>-><-<<-<<-<<<---------<<<<<<<<<<<<______
#
# SS_cons __>>>>>->>-->>>>>--------------->>>-->>->>>,,))))--))))----)
#
# SS_cons )))))))))))-------))))))),,,,,,,,,,,,,,,,,,,,,,,,,,,,,,,,,,,
#
# SS_cons ,,,,,,,,,,]]]]]]]]]]---]]]]]]-]]]]]]]--]]]]
#

# The given structure

# Power analysis of given structure 
#
# covary  left_pos      right_pos    substitutions      power
#----------------------------------------------------------------
          1		643		11		0.09
          2		642		15		0.14
          3		641		11		0.09
          4		640		20		0.20
          7		637		13		0.12
          8		636		17		0.17
          9		635		12		0.11
          10		634		14		0.13
          11		633		16		0.16
          12		632		0		0.00
          13		631		0		0.00
          16		629		10		0.08
          17		628		0		0.00
          18		627		7		0.04
          19		626		1		0.00
          20		625		1		0.00
          21		624		4		0.00
          25		620		0		0.00
          26		619		14		0.13
          27		618		19		0.19
          28		617		17		0.17
          29		616		0		0.00
          30		615		16		0.16
          31		614		2		0.00
          32		613		0		0.00
          33		612		0		0.00
          34		611		5		0.01
          71		203		0		0.00
          72		202		0		0.00
          73		201		0		0.00
          74		200		0		0.00
          75		199		10		0.08
          76		198		13		0.12
          77		197		16		0.16
          79		195		2		0.00
          80		194		0		0.00
          82		192		8		0.05
          83		191		0		0.00
          84		190		14		0.13
     *    85		189		10		0.08
          86		188		0		0.00
          87		187		2		0.00
          88		186		13		0.12
          89		185		0		0.00
          94		162		4		0.00
          95		161		15		0.14
          96		160		8		0.05
          98		159		0		0.00
          99		158		9		0.07
          100		157		8		0.05
          101		156		13		0.12
          102		155		23		0.24
          103		154		10		0.08
          104		153		8		0.05
          105		152		4		0.00
          106		151		20		0.20
          108		149		9		0.07
          109		148		0		0.00
          110		147		4		0.00
          111		146		0		0.00
          115		143		0		0.00
          116		142		22		0.23
          117		140		15		0.14
          118		139		9		0.07
          120		137		1		0.00
          121		136		7		0.04
          122		135		15		0.14
          229		565		17		0.17
          230		564		1		0.00
          231		563		13		0.12
          232		562		1		0.00
          233		561		15		0.14
          234		560		10		0.08
          235		559		15		0.14
          245		551		14		0.13
          246		550		21		0.21
          247		549		15		0.14
          248		548		18		0.18
          249		547		14		0.13
          250		546		6		0.03
          251		545		14		0.13
          252		544		14		0.13
          254		543		4		0.00
          255		542		10		0.08
          256		541		12		0.11
          259		540		7		0.04
          261		535		16		0.16
          262		534		2		0.00
          263		533		4		0.00
          264		532		10		0.08
          267		529		16		0.16
          268		528		0		0.00
          269		527		11		0.09
          270		526		7		0.04
          273		442		8		0.05
          274		440		12		0.11
          275		439		1		0.00
          276		438		0		0.00
          278		436		0		0.00
          279		435		0		0.00
          280		434		0		0.00
          281		433		2		0.00
          282		432		5		0.01
          283		431		0		0.00
          284		429		13		0.12
          285		428		2		0.00
          293		425		0		0.00
          294		424		7		0.04
          296		422		4		0.00
          297		421		7		0.04
          303		410		4		0.00
          304		409		5		0.01
          305		408		3		0.00
          306		407		17		0.17
          307		406		0		0.00
          308		405		1		0.00
          314		393		0		0.00
          315		392		0		0.00
          316		391		0		0.00
          317		390		5		0.01
          318		389		0		0.00
          319		388		0		0.00
          320		387		0		0.00
          321		386		0		0.00
          323		383		0		0.00
          324		382		0		0.00
          325		381		0		0.00
          326		380		0		0.00
          327		377		13		0.12
          328		376		15		0.14
          329		375		14		0.13
          332		373		15		0.14
          333		372		0		0.00
          334		371		0		0.00
          335		370		0		0.00
          336		369		0		0.00
          443		523		0		0.00
          445		522		16		0.16
          446		521		6		0.03
          448		519		0		0.00
          449		518		9		0.07
          451		515		4		0.00
          452		514		8		0.05
          453		513		0		0.00
          463		497		1		0.00
          464		496		2		0.00
          465		495		7		0.04
          466		494		5		0.01
          467		493		10		0.08
          468		490		9		0.07
          469		489		0		0.00
          470		487		4		0.00
          471		486		0		0.00
          472		485		0		0.00
          473		484		0		0.00
          474		483		0		0.00
#
# BPAIRS 156
# avg substitutions per BP  6.7
# BPAIRS expected to covary 8.5
# BPAIRS observed to covary 1
#
