# R-scape :: RNA Structural Covariation Above Phylogenetic Expectation
# R-scape 1.5.4 elenarivas@fas.harvard.edu (May 2020)
# Copyright (C) 2016-2019 Howard Hughes Medical Institute.
# Freely distributed under the GNU General Public License (GPLv3).
gnuplot not found. Some plots will not display
#-------------------------------------------------------------------------------------------------------
# MSA RF00885_MIR821 nseq 5 (5) alen 275 (275) avgid 88.56 (88.56) nbpairs 113 (113)
# Two-set statistical test (one test for annotated basepairs, another for all other pairs)
#
#
# Method Target_E-val [cov_min,cov_max] [FP | TP True Found | Sen PPV F] 
# GTp    0.05         [-2.40,5.45]     [0 | 1 113 1 | 0.88 100.00 1.75] 
#
#       left_pos       right_pos        score          E-value       substitutions      power
#-------------------------------------------------------------------------------------------------------
*	      36	     240	4.28642	0.0178352	0		0.00

# The given structure
# SS_cons <<<-<<<<-<<<<<<<<<<<<<<<<<<-<<<<<<<<<<<<<<<<<<<<<<<<<<-<<<<<
#
# SS_cons <<<<<<<--<-<<<<<<<<<<--<<<-<<<<<-<<<<<<-<<<<<<<<<<<<-<<-<<<<
#
# SS_cons <<--------<<<<<_____>>>>>-------->>>>>>->>->>>>>>>>>>>>->>>>
#
# SS_cons >>->>>>>->>>-->>>>>>>>>>>--->>>>>>>>>>>>->>>>>>>>>>>>>>>>>>>
#
# SS_cons >>>>>>>->>>>>>>>>>>>>>>>>>->>>>->>>
#

# The given structure

# Power analysis of given structure 
#
# covary  left_pos      right_pos    substitutions      power
#----------------------------------------------------------------
          1		275		0		0.00
          2		274		0		0.00
          3		273		0		0.00
          5		271		0		0.00
          6		270		0		0.00
          7		269		0		0.00
          8		268		1		0.00
          10		266		0		0.00
          11		265		0		0.00
          12		264		0		0.00
          13		263		0		0.00
          14		262		0		0.00
          15		261		0		0.00
          16		260		0		0.00
          17		259		0		0.00
          18		258		0		0.00
          19		257		0		0.00
          20		256		0		0.00
          21		255		0		0.00
          22		254		0		0.00
          23		253		0		0.00
          24		252		0		0.00
          25		251		0		0.00
          26		250		0		0.00
          27		249		0		0.00
          29		247		0		0.00
          30		246		0		0.00
          31		245		0		0.00
          32		244		0		0.00
          33		243		0		0.00
          34		242		0		0.00
          35		241		0		0.00
     *    36		240		0		0.00
          37		239		0		0.00
          38		238		0		0.00
          39		237		0		0.00
          40		236		0		0.00
          41		235		0		0.00
          42		234		0		0.00
          43		233		4		0.00
          44		232		4		0.00
          45		231		0		0.00
          46		230		0		0.00
          47		229		0		0.00
          48		228		0		0.00
          49		227		1		0.00
          50		226		0		0.00
          51		225		0		0.00
          52		224		0		0.00
          53		223		0		0.00
          54		222		0		0.00
          56		220		0		0.00
          57		219		0		0.00
          58		218		0		0.00
          59		217		0		0.00
          60		216		0		0.00
          61		215		0		0.00
          62		214		0		0.00
          63		213		0		0.00
          64		212		0		0.00
          65		211		0		0.00
          66		210		1		0.00
          67		209		0		0.00
          70		205		0		0.00
          72		204		1		0.00
          73		203		0		0.00
          74		202		0		0.00
          75		201		0		0.00
          76		200		0		0.00
          77		199		0		0.00
          78		198		0		0.00
          79		197		0		0.00
          80		196		0		0.00
          81		195		0		0.00
          84		192		0		0.00
          85		191		0		0.00
          86		190		0		0.00
          88		188		0		0.00
          89		187		0		0.00
          90		186		6		0.03
          91		185		0		0.00
          92		184		0		0.00
          94		182		0		0.00
          95		181		4		0.00
          96		180		0		0.00
          97		179		1		0.00
          98		178		0		0.00
          99		177		0		0.00
          101		175		0		0.00
          102		174		0		0.00
          103		173		0		0.00
          104		172		5		0.01
          105		171		0		0.00
          106		170		0		0.00
          107		169		1		0.00
          108		168		0		0.00
          109		167		5		0.01
          110		166		0		0.00
          111		165		1		0.00
          112		164		0		0.00
          114		162		0		0.00
          115		161		0		0.00
          117		159		4		0.00
          118		158		0		0.00
          119		157		0		0.00
          120		156		0		0.00
          121		155		0		0.00
          122		154		1		0.00
          131		145		1		0.00
          132		144		9		0.07
          133		143		0		0.00
          134		142		0		0.00
          135		141		0		0.00
#
# BPAIRS 113
# avg substitutions per BP  0.4
# BPAIRS expected to covary 0.1
# BPAIRS observed to covary 1
#
