# R-scape :: RNA Structural Covariation Above Phylogenetic Expectation
# R-scape 1.5.4 elenarivas@fas.harvard.edu (May 2020)
# Copyright (C) 2016-2019 Howard Hughes Medical Institute.
# Freely distributed under the GNU General Public License (GPLv3).
gnuplot not found. Some plots will not display
#-------------------------------------------------------------------------------------------------------
# MSA RF02543_LSU_rRNA_eukarya nseq 88 (88) alen 3680 (8395) avgid 65.13 (63.67) nbpairs 872 (872)
# Two-set statistical test (one test for annotated basepairs, another for all other pairs)
#
#
# Method Target_E-val [cov_min,cov_max] [FP | TP True Found | Sen PPV F] 
# GTp    0.05         [-9.76,175.09]     [8 | 380 872 388 | 43.58 97.94 60.32] 
#
#       left_pos       right_pos        score          E-value       substitutions      power
#-------------------------------------------------------------------------------------------------------
*	    6379	    6397	175.09353	1.51912e-14	145		0.89
*	    3676	    4269	173.57596	2.13057e-14	159		0.92
*	     642	    1447	161.91514	3.37027e-13	138		0.88
*	    2981	    3145	159.81120	5.59511e-13	137		0.88
*	    5000	    5006	159.39077	6.26216e-13	169		0.93
*	    7074	    7087	159.04809	6.62493e-13	128		0.86
*	    3656	    3670	159.10654	6.62493e-13	171		0.94
*	    2966	    3155	158.31646	7.84422e-13	120		0.83
*	    1684	    1751	153.92128	2.16107e-12	116		0.82
*	    2191	    2199	152.08302	3.39019e-12	141		0.89
*	    1497	    1560	151.25128	4.01373e-12	156		0.91
*	    1680	    1756	150.80246	4.49189e-12	138		0.88
*	    1679	    1757	147.63889	9.87484e-12	118		0.83
*	     475	     495	147.01654	1.10508e-11	144		0.89
*	    5687	    5733	146.91371	1.16902e-11	124		0.85
*	    2965	    3156	146.65217	1.23667e-11	107		0.79
*	    3408	    3430	146.07769	1.38392e-11	106		0.79
*	    6500	    6963	145.80099	1.46399e-11	108		0.80
*	    3897	    3906	144.66069	1.93941e-11	102		0.78
*	    6378	    6398	144.23792	2.17029e-11	134		0.87
*	    3654	    3672	142.57949	3.21712e-11	133		0.87
*	    3813	    4090	141.88478	3.80823e-11	99		0.76
*	    7793	    8217	141.06152	4.50787e-11	133		0.87
*	    6459	    6468	140.87891	4.76855e-11	131		0.86
*	    7791	    8218	139.78369	5.97091e-11	142		0.89
*	    3286	    3308	139.92333	5.97091e-11	97		0.76
*	    7659	    7680	139.54066	6.31614e-11	113		0.81
*	    7608	    7636	139.36267	6.68133e-11	121		0.84
*	    3449	    3643	138.39140	8.36567e-11	126		0.85
*	     286	     407	138.30028	8.84929e-11	142		0.89
*	    3258	    3324	137.18360	1.10798e-10	150		0.90
*	    3861	    3947	136.88299	1.17202e-10	121		0.84
*	    5798	    5859	136.79152	1.23977e-10	144		0.89
*	    3889	    3916	136.44533	1.31142e-10	94		0.74
*	    1965	    2035	136.29193	1.38722e-10	118		0.83
*	    5779	    6296	135.75862	1.5522e-10	125		0.85
*	    3958	    4052	135.52731	1.6419e-10	141		0.89
*	    3296	    3302	134.94232	1.94331e-10	89		0.72
*	    2964	    3157	134.85321	1.94331e-10	155		0.91
*	    3168	    3225	133.41075	2.72216e-10	139		0.88
*	     966	    1419	133.39949	2.72216e-10	154		0.91
*	    6501	    6962	133.03897	3.04578e-10	156		0.91
*	    2009	    2026	132.60089	3.22173e-10	116		0.82
*	    1762	    1917	132.58971	3.22173e-10	132		0.87
*	    6404	    6415	129.67576	6.68502e-10	133		0.87
*	    2113	    2908	129.55395	6.68502e-10	109		0.80
*	    4410	    4910	129.04401	7.47931e-10	144		0.89
*	    7663	    7674	128.94179	7.91116e-10	112		0.81
*	    1685	    1750	128.38514	8.85104e-10	111		0.81
*	    3267	    3316	127.78264	9.90251e-10	112		0.81
*	    7607	    7637	127.13305	1.17183e-09	109		0.80
*	    3809	    4094	127.21906	1.17183e-09	125		0.85
*	    1677	    1759	126.50722	1.38668e-09	128		0.86
*	    5881	    6280	124.99119	1.94168e-09	128		0.86
*	    3165	    3226	124.67476	2.05372e-09	146		0.90
*	     283	     410	124.37516	2.29756e-09	166		0.93
*	    4412	    4909	123.23754	2.87544e-09	143		0.89
*	    8289	    8357	123.19682	3.04132e-09	134		0.87
*	    7591	    7771	121.80675	4.02563e-09	108		0.80
*	    2947	    2958	121.99386	4.02563e-09	119		0.83
*	    3824	    4073	121.31633	4.50335e-09	145		0.89
*	    3295	    3303	121.28078	4.76305e-09	82		0.69
*	    7795	    8215	120.90719	5.03771e-09	137		0.88
*	     651	    1435	121.03434	5.03771e-09	133		0.87
*	    7600	    7749	120.31498	5.96037e-09	110		0.80
*	    8281	    8367	119.93692	6.30402e-09	119		0.83
*	    3163	    3228	119.79482	6.66747e-09	116		0.82
*	    4405	    4926	118.91419	7.88834e-09	83		0.69
*	    5653	    5764	118.53515	8.82395e-09	130		0.86
*	    3862	    3946	118.66289	8.82395e-09	114		0.82
*	    3864	    3944	118.64626	8.82395e-09	145		0.89
*	    4990	    5019	118.22360	9.33255e-09	97		0.76
*	    8282	    8366	117.13431	1.23501e-08	93		0.74
*	    3655	    3671	117.20713	1.23501e-08	95		0.75
*	     134	     187	117.02037	1.23501e-08	125		0.85
*	    3022	    3100	116.81886	1.30618e-08	130		0.86
*	    2241	    2883	116.82431	1.30618e-08	141		0.89
*	     139	     179	116.40208	1.46103e-08	141		0.89
*	    2983	    3144	115.29020	1.93325e-08	143		0.89
*	    3164	    3227	114.88295	2.0446e-08	118		0.83
*	     296	     308	114.93609	2.0446e-08	114		0.82
*	     295	     309	114.68643	2.16237e-08	114		0.82
*	      78	     108	114.42006	2.28691e-08	105		0.79
*	    3956	    4055	114.29865	2.41862e-08	125		0.85
*	     138	     180	113.43049	2.86099e-08	138		0.88
*	    6460	    6467	113.18040	3.02573e-08	81		0.68
*	    6370	    6423	113.34176	3.02573e-08	119		0.83
*	     298	     307	112.96896	3.19995e-08	134		0.87
*	    7641	    7699	112.41562	3.78506e-08	83		0.69
*	    3719	    4255	112.25443	3.78506e-08	135		0.87
*	    7072	    7088	111.96178	4.00296e-08	86		0.71
*	     964	    1421	112.19364	4.00296e-08	138		0.88
~	    3287	    3307	150.26199	4.12782e-08	133		0.87
*	    2249	    2876	111.56281	4.47706e-08	120		0.83
*	    2088	    3239	111.25603	4.73474e-08	93		0.74
*	     566	     571	111.40091	4.73474e-08	97		0.76
*	    4399	    4935	111.19377	5.00725e-08	123		0.84
*	    3812	    4091	110.18679	6.26321e-08	87		0.71
*	    5799	    5858	109.47890	7.40768e-08	139		0.88
*	    3677	    4268	109.34205	7.40768e-08	94		0.74
*	    2974	    3147	108.84747	8.28449e-08	92		0.74
*	    3362	    3379	108.47428	9.26496e-08	83		0.69
*	    5776	    6299	108.18267	9.79784e-08	104		0.78
*	     507	     521	107.84570	1.09572e-07	79		0.67
*	    7609	    7635	107.07696	1.29582e-07	99		0.76
*	    1970	    1998	107.01554	1.29582e-07	110		0.80
*	    3044	    3057	106.77251	1.37032e-07	91		0.73
*	    1490	    1926	106.85283	1.37032e-07	97		0.76
*	     962	    1424	106.83709	1.37032e-07	149		0.90
*	    7642	    7698	106.15695	1.62051e-07	73		0.64
*	    3959	    4051	105.51514	1.81215e-07	145		0.89
*	     117	     527	105.43375	1.9163e-07	117		0.83
*	    5790	    6285	104.93951	2.14289e-07	109		0.80
*	    7789	    8220	104.71038	2.26603e-07	154		0.91
*	    7096	    7489	104.59134	2.26603e-07	92		0.74
*	    3860	    3948	104.31586	2.39623e-07	95		0.75
*	     211	     454	104.32494	2.39623e-07	139		0.88
*	    1766	    1913	104.17615	2.53391e-07	120		0.83
*	    1779	    1901	104.10884	2.53391e-07	149		0.90
*	    1964	    2036	103.95247	2.67949e-07	93		0.74
*	    6486	    6967	102.99719	3.35027e-07	99		0.76
*	    2184	    2206	103.02792	3.35027e-07	118		0.83
*	    3808	    4095	102.73461	3.54269e-07	94		0.74
*	     646	    1444	102.69169	3.54269e-07	129		0.86
*	    6369	    6424	102.38822	3.74614e-07	140		0.88
*	    3833	    4059	102.51290	3.74614e-07	102		0.78
*	    8298	    8350	102.15228	3.96127e-07	99		0.76
*	    7610	    7634	102.14495	3.96127e-07	101		0.77
*	    3818	    4079	101.69191	4.42924e-07	114		0.82
*	    3441	    4272	101.62149	4.68353e-07	102		0.78
*	    3898	    3905	101.46246	4.68353e-07	72		0.64
*	    3409	    3429	101.02734	5.23671e-07	68		0.61
*	      66	      73	100.92274	5.5373e-07	81		0.68
*	    3896	    3907	100.63179	5.85512e-07	104		0.78
*	     282	     412	100.58296	5.85512e-07	145		0.89
*	    2117	    2904	100.19721	6.54647e-07	112		0.81
*	     967	    1418	99.26894	7.73928e-07	138		0.88
*	    3678	    4267	98.86368	8.65275e-07	89		0.72
*	    4404	    4928	98.61824	9.1491e-07	103		0.78
*	    3169	    3224	98.66236	9.1491e-07	80		0.68
*	    4479	    4558	97.78469	1.14355e-06	134		0.87
*	    1487	    1929	97.62326	1.14355e-06	146		0.90
*	    3262	    3319	97.53058	1.20912e-06	130		0.86
*	    3826	    4070	97.23207	1.27845e-06	95		0.75
*	     269	     431	96.94262	1.35174e-06	162		0.92
*	    3486	    3630	96.62843	1.42923e-06	148		0.90
*	    8272	    8383	96.18076	1.59778e-06	136		0.88
*	    2244	    2880	96.36695	1.59778e-06	151		0.91
~	    2986	    3138	134.37857	1.68776e-06	126		0.85
*	    8237	    8254	96.05979	1.68935e-06	135		0.87
*	    2114	    2907	95.97342	1.68935e-06	109		0.80
*	    6499	    6964	95.87082	1.78616e-06	83		0.69
*	    5780	    6295	95.20573	1.99672e-06	115		0.82
*	    3810	    4093	95.32126	1.99672e-06	98		0.76
*	    5883	    6277	94.62062	2.35991e-06	102		0.78
*	    3739	    3795	94.42078	2.49508e-06	114		0.82
*	    3825	    4071	94.01575	2.63798e-06	141		0.89
*	     963	    1423	94.12323	2.63798e-06	157		0.92
*	    5778	    6297	93.83954	2.78905e-06	83		0.69
*	    7790	    8219	93.30694	3.11759e-06	87		0.71
*	    2240	    2884	93.45014	3.11759e-06	111		0.81
*	     272	     427	92.69796	3.68424e-06	158		0.92
*	     479	     491	92.31724	3.89511e-06	67		0.61
*	    5796	    5860	92.28204	4.11803e-06	113		0.81
*	    2087	    3247	91.83370	4.35368e-06	101		0.77
*	    3738	    3796	91.62783	4.60279e-06	124		0.85
*	    8274	    8381	91.16366	5.14451e-06	127		0.85
*	     643	    1446	91.07827	5.43878e-06	101		0.77
*	     965	    1420	90.05560	6.79375e-06	155		0.91
*	    7594	    7768	89.83886	7.18217e-06	94		0.74
*	    3957	    4053	89.78890	7.18217e-06	131		0.86
*	    1486	    1930	89.47432	7.59275e-06	124		0.85
*	    4401	    4933	89.41077	8.02675e-06	68		0.61
*	    5787	    6288	88.79368	8.97045e-06	128		0.86
*	    4988	    5021	88.56406	9.48303e-06	52		0.50
*	    3883	    3923	88.55123	9.48303e-06	119		0.83
*	     137	     181	88.64272	9.48303e-06	142		0.89
*	    3811	    4092	88.29661	1.00249e-05	103		0.78
*	     132	     190	88.37159	1.00249e-05	90		0.73
*	    3170	    3223	87.97952	1.12029e-05	103		0.78
*	    1678	    1758	87.77785	1.12029e-05	79		0.67
*	     206	     459	87.78192	1.12029e-05	104		0.78
*	    3487	    3629	87.19670	1.3234e-05	129		0.86
*	    8301	    8347	87.00052	1.39896e-05	130		0.86
*	    4422	    4613	86.32046	1.56325e-05	126		0.85
*	    2242	    2882	86.37319	1.56325e-05	143		0.89
*	    1966	    2033	86.44900	1.56325e-05	115		0.82
*	     664	     952	86.37903	1.56325e-05	134		0.87
*	    4439	    4597	86.17384	1.65247e-05	118		0.83
*	    3401	    4278	86.27251	1.65247e-05	95		0.75
*	    4424	    4611	85.88748	1.74678e-05	131		0.86
*	    5882	    6279	85.72272	1.84645e-05	123		0.84
*	    1976	    1991	85.74662	1.84645e-05	75		0.65
~	    2987	    3137	123.92891	1.99509e-05	136		0.88
*	    4998	    5008	85.29999	2.06315e-05	85		0.70
*	    3161	    3231	85.25729	2.06315e-05	126		0.85
*	     140	     178	85.16610	2.06315e-05	140		0.88
*	    7012	    7034	85.07191	2.18083e-05	84		0.70
*	    4403	    4929	84.94335	2.18083e-05	83		0.69
*	    4409	    4911	84.68669	2.30522e-05	108		0.80
*	    5657	    5759	84.54197	2.43667e-05	104		0.78
*	    2963	    3158	84.62635	2.43667e-05	127		0.85
*	    2155	    2232	84.40146	2.57561e-05	38		0.39
*	    4418	    4906	83.61737	3.04166e-05	126		0.85
*	     961	    1425	83.22205	3.215e-05	99		0.76
*	     285	     408	83.42608	3.215e-05	125		0.85
*	    7718	    7735	82.98109	3.39819e-05	112		0.81
*	    3718	    4256	82.86151	3.5918e-05	84		0.70
*	    3459	    3465	82.89130	3.5918e-05	134		0.87
*	     284	     409	82.76133	3.5918e-05	162		0.92
*	    7656	    7683	82.68450	3.79641e-05	71		0.63
*	     209	     456	82.71652	3.79641e-05	124		0.85
*	    1488	    1928	82.31756	4.01264e-05	90		0.73
*	    7658	    7681	82.00987	4.24116e-05	108		0.80
*	    1676	    1760	82.11742	4.24116e-05	84		0.70
*	    5593	    7551	81.76714	4.48265e-05	67		0.61
*	    6437	    6447	81.76726	4.48265e-05	51		0.50
*	    6384	    6393	81.83883	4.48265e-05	91		0.73
*	    5652	    5765	80.64635	5.91203e-05	90		0.73
*	    4415	    4908	80.44209	6.24837e-05	128		0.86
*	    3260	    3322	80.45273	6.24837e-05	75		0.65
*	    4423	    4612	80.28101	6.60378e-05	58		0.55
*	     128	     197	80.11729	6.60378e-05	99		0.76
*	    7716	    7737	80.00372	6.97936e-05	67		0.61
*	    4449	    4589	79.99483	6.97936e-05	103		0.78
*	    3485	    3631	79.85919	6.97936e-05	135		0.87
*	     267	     433	80.01144	6.97936e-05	157		0.92
*	    7071	    7089	79.53978	7.7956e-05	112		0.81
*	    2154	    2233	78.93244	8.70699e-05	63		0.58
*	    3819	    4078	78.78578	9.20177e-05	113		0.81
*	    1502	    1552	78.74100	9.20177e-05	73		0.64
*	     219	     444	78.37016	0.00010277	120		0.83
*	    6431	    6453	78.10474	0.000108607	82		0.69
*	    5884	    6276	77.66200	0.000121291	121		0.84
*	    1485	    1931	77.42979	0.000128177	93		0.74
*	     668	     947	77.41992	0.000128177	138		0.88
*	     218	     445	77.31540	0.000128177	132		0.87
*	    7665	    7672	77.14211	0.000135452	94		0.74
*	    2250	    2875	77.05042	0.000135452	64		0.59
~	    2190	    2200	115.39443	0.000141886	140		0.88
*	    4467	    4570	76.71462	0.000151259	101		0.77
*	    3675	    4270	76.34518	0.00015984	55		0.53
*	    4469	    4568	75.14670	0.000210586	135		0.87
*	    3162	    3229	75.27320	0.000210586	55		0.53
*	    8290	    8356	74.96980	0.000222518	106		0.79
*	    7794	    8216	75.04421	0.000222518	119		0.83
*	    3457	    3466	74.87523	0.000222518	74		0.65
*	    8273	    8382	74.47870	0.00024844	111		0.81
*	    4470	    4567	74.32935	0.000262508	111		0.81
*	    3019	    3103	74.27583	0.000262508	68		0.61
*	    2988	    3136	73.89288	0.000277369	59		0.55
*	     670	     945	73.96860	0.000277369	104		0.78
*	    3820	    4077	73.78576	0.000293068	98		0.76
*	    4478	    4559	72.70279	0.000365226	110		0.80
*	     641	    1448	72.66596	0.000365226	152		0.91
*	    4454	    4586	72.55404	0.000385875	116		0.82
*	    1566	    1573	72.63687	0.000385875	46		0.46
*	    4438	    4598	72.26604	0.000407687	101		0.77
*	    2005	    2029	72.40589	0.000407687	74		0.65
*	     666	     950	72.24075	0.000407687	154		0.91
*	    6368	    6425	72.12140	0.000430726	71		0.63
*	    4429	    4608	72.11371	0.000430726	143		0.89
*	    2158	    2229	72.14064	0.000430726	93		0.74
*	    3829	    4067	71.73144	0.000455061	105		0.79
*	    2115	    2906	71.76528	0.000455061	115		0.82
*	    5788	    6287	71.51523	0.000480765	112		0.81
*	    7077	    7084	71.46281	0.000507914	70		0.62
*	    2116	    2905	71.37159	0.000507914	84		0.70
*	     281	     413	71.10271	0.000536589	143		0.89
*	    4476	    4561	70.47873	0.000632648	136		0.88
*	    2251	    2874	70.49524	0.000632648	58		0.55
*	    2247	    2877	70.11508	0.000668329	148		0.90
*	    8227	    8392	69.92131	0.000706012	95		0.75
*	     266	     434	69.94765	0.000706012	142		0.89
*	     270	     430	69.81551	0.000706012	158		0.92
~	     334	     352	108.46696	0.000719149	155		0.91
*	    2006	    2028	69.68476	0.000745809	63		0.58
*	    1767	    1912	68.91954	0.000879096	110		0.80
*	     136	     182	68.51502	0.000980864	143		0.89
*	    7611	    7633	67.75044	0.00115589	70		0.62
*	    3256	    3326	67.70034	0.00115589	98		0.76
*	     648	    1439	67.78004	0.00115589	137		0.88
*	     667	     949	67.52373	0.00122088	136		0.88
*	    4451	    4588	66.57776	0.00151921	129		0.86
*	    3832	    4060	66.64180	0.00151921	98		0.76
*	     647	    1443	66.32655	0.00160449	113		0.81
*	    5880	    6281	66.03190	0.00169452	86		0.71
*	     669	     946	66.10641	0.00169452	139		0.88
*	    7601	    7748	65.85057	0.00178957	64		0.59
*	    7662	    7675	65.93537	0.00178957	82		0.69
*	    4989	    5020	65.93831	0.00178957	58		0.55
*	    3360	    3381	65.86675	0.00178957	56		0.53
*	     665	     951	65.80108	0.00178957	133		0.87
*	     210	     455	65.88275	0.00178957	117		0.83
*	    3357	    3384	65.32336	0.00199585	78		0.67
*	    3023	    3099	65.27130	0.00199585	50		0.49
*	    6324	    6334	65.23309	0.00210768	103		0.78
*	    4460	    4579	65.09759	0.00210768	105		0.79
*	    7597	    7765	64.89606	0.00222574	95		0.75
*	    6341	    6355	64.92338	0.00222574	46		0.46
*	    3720	    4254	64.80253	0.00222574	69		0.62
*	     220	     443	64.83667	0.00222574	122		0.84
*	    4464	    4574	64.63473	0.00235036	74		0.65
*	    2085	    3250	64.56724	0.00235036	52		0.50
*	      89	      95	64.56121	0.00235036	51		0.50
~	     335	     351	103.10456	0.00245924	107		0.79
*	    7595	    7767	64.34944	0.0024819	120		0.83
*	    4468	    4569	64.35585	0.0024819	107		0.79
*	    1961	    2039	64.11667	0.00262076	64		0.59
*	    4987	    5022	64.01051	0.00276733	31		0.32
*	    3406	    3432	63.83114	0.00276733	54		0.52
*	     217	     446	63.81231	0.00276733	122		0.84
*	    7707	    7743	63.70450	0.00292203	40		0.41
*	    4459	    4580	63.63007	0.00292203	110		0.80
*	    3413	    3427	63.72834	0.00292203	87		0.71
*	    5641	    6306	63.12483	0.00325765	112		0.81
*	    5639	    6308	63.03065	0.00343953	96		0.75
*	    4477	    4560	63.04275	0.00343953	153		0.91
*	    7796	    8214	62.74984	0.00363149	147		0.90
*	    5800	    5857	62.75066	0.00363149	135		0.87
*	    1981	    1986	62.49022	0.00383407	41		0.41
*	    5777	    6298	62.16095	0.00404785	75		0.65
*	    7706	    7744	62.02262	0.00427345	146		0.90
*	    6371	    6422	61.92724	0.00427345	64		0.59
*	    3823	    4074	61.69521	0.00451152	108		0.80
*	    4417	    4907	61.40185	0.00476272	118		0.83
*	      27	      52	61.45746	0.00476272	55		0.53
*	    2246	    2878	61.31417	0.00502779	154		0.91
*	    5789	    6286	60.69834	0.00560255	69		0.62
*	    4986	    5023	60.88425	0.00560255	22		0.23
*	    1483	    1933	60.85781	0.00560255	121		0.84
*	    5662	    5754	60.61102	0.00591389	75		0.65
*	    3828	    4068	59.78374	0.00695442	71		0.63
*	    7593	    7769	59.33212	0.0077468	98		0.76
*	    2972	    3149	59.26081	0.0077468	59		0.55
*	     135	     186	59.25677	0.0077468	64		0.59
*	    4472	    4564	59.19980	0.00817586	117		0.83
*	     476	     494	59.01287	0.00817586	20		0.20
*	    3255	    3327	58.87632	0.00862841	71		0.63
*	    3259	    3323	58.87696	0.00862841	52		0.50
*	    6435	    6449	58.57796	0.00910572	33		0.34
*	    6372	    6421	58.59237	0.00910572	68		0.61
*	    3722	    4248	58.51787	0.00960912	109		0.80
*	    6432	    6452	58.13281	0.01014	56		0.53
*	    4406	    4925	58.04356	0.0106999	59		0.55
*	    3011	    3111	57.91325	0.0106999	50		0.49
*	    1763	    1916	57.93311	0.0106999	41		0.41
*	    7661	    7676	57.76914	0.0112902	39		0.40
*	    3817	    4080	57.66338	0.0112902	110		0.80
*	     478	     492	57.57518	0.0112902	22		0.23
~	     519	    6503	96.58583	0.0117297	118		0.83
*	    4471	    4566	57.47661	0.0119128	126		0.85
*	    3960	    4050	57.51985	0.0119128	85		0.70
*	    4441	    4595	56.88708	0.0132612	120		0.83
*	     505	     523	56.98830	0.0132612	40		0.41
*	    1958	    2042	56.62395	0.0139908	30		0.31
*	      67	      72	56.46316	0.01476	56		0.53
*	    7717	    7736	56.13743	0.0155709	45		0.45
*	    5566	    5586	56.17847	0.0155709	31		0.32
*	    7657	    7682	56.10570	0.0164256	72		0.64
*	    3034	    3091	56.11027	0.0164256	55		0.53
*	    7075	    7086	55.16902	0.0203313	23		0.24
*	    1567	    1572	55.02666	0.0203313	63		0.58
*	    2156	    2231	54.77762	0.0214426	19		0.19
*	    1770	    1909	54.43372	0.0238472	73		0.64
*	     212	     453	54.33469	0.0238472	138		0.88
~	    3438	    3673	93.40620	0.0241989	75		0.65
*	    4432	    4606	53.74992	0.026516	148		0.90
*	    3955	    4056	53.87882	0.026516	48		0.47
*	     640	    1449	53.84048	0.026516	94		0.74
*	    3257	    3325	53.61798	0.0279583	95		0.75
*	     649	    1438	53.46339	0.0294773	106		0.79
*	    4999	    5007	53.22197	0.0310771	46		0.46
*	    5660	    5756	52.79026	0.0327618	94		0.74
*	    4428	    4609	52.82928	0.0327618	149		0.90
*	    1479	    1936	53.00530	0.0327618	55		0.53
*	    1764	    1914	52.79023	0.0327618	65		0.59
*	    7643	    7697	52.76535	0.0345358	31		0.32
*	    4985	    5024	52.68754	0.0345358	41		0.41
*	    4398	    4936	52.59103	0.0345358	29		0.30
*	     639	    1450	52.48469	0.0364036	63		0.58
*	    5659	    5757	52.27810	0.0383699	92		0.74
*	    2989	    3135	52.25461	0.0383699	53		0.51
*	    2185	    2205	52.22372	0.0383699	80		0.68
*	     650	    1436	51.43887	0.0449113	112		0.81
*	    7596	    7766	51.13438	0.0473241	82		0.69
*	     644	    1445	50.88228	0.0498628	95		0.75
*	     273	     426	51.08673	0.0498628	139		0.88

# The given structure
# SS_cons :::::::::::::::::::::::<<<<<<-----<<____>>------->>>>>->::::
#
# SS_cons :::::<<____>>:::<<<<<------<<_____>>-------->>>>->:::[[[[,,,
#
# SS_cons ,,,,<<<<<<<<<<<<<<<<_____________________________________>>>
#
# SS_cons >>--->>->>--->>>>>>>,,,,((--((((----((((--------------------
#
# SS_cons -------------------------(((((-((-------(((((((,,,,<--<<-<<_
#
# SS_cons _____>>>>---->,,,,,,,,,,,,,,,,,,,,,<___>,,,<<_______________
#
# SS_cons _______________________________>>,,,,,,,,,,,,)))))-))-------
#
# SS_cons -----))--)))))--------))))------))))--)),,,,,,,,,,,,,<<<<<<<
#
# SS_cons _________>>>>>>>,,,,,,,<<<<<___________>>>>>,,]]]]::::::::::
#
# SS_cons ::::::::::::::::::::::::<<____>>::::::::::::::::<<<<____>>>>
#
# SS_cons ::::::::::::::::::::::::::::::::::::::((((((-((((((,,,,,,,<-
#
# SS_cons ---<<<<<<<__________________________________________________
#
# SS_cons ____________________________________________________________
#
# SS_cons ____________________________________________________________
#
# SS_cons ____________________________________________________________
#
# SS_cons ____________________________________________>>>->>>>--->,,,,
#
# SS_cons <<<<<<<_____________________________________________________
#
# SS_cons ____________________________________________________________
#
# SS_cons ____________________________________________________________
#
# SS_cons ____________________________________________________________
#
# SS_cons ____________________________________________________________
#
# SS_cons ____________________________________________________________
#
# SS_cons ____________________________________________________________
#
# SS_cons _____________________________________>>>>->>>,,,,,,,,,))-))-
#
# SS_cons --))))))))::<<<<________>>>>{{{{{{,,,,(((-((((((((((,,<<<--<
#
# SS_cons <<<<<___________________________________________>>>>>>----->
#
# SS_cons >>,,,<<____>>,,,,,,,,,,,,,,,,,,,,,,,,,,,,,,,,,,,,,,,,,,,,,,,
#
# SS_cons ,,,,,,,,,,,,,,,,,,,,,,,,,,,,,,,,,,,,,,,,,,,,,,,,,,,,,,,<<<<<
#
# SS_cons --<<<_______________________________________________________
#
# SS_cons _________>>>--->>>>>,<<<-<<-<<<------<<_____________________
#
# SS_cons ____________________________________________________________
#
# SS_cons ________________________________________>>----->>>->>>->>,,,
#
# SS_cons ,,,))))))))))))),,[[-[---[[[[[[,,,((((((((((((,<<<<---<<<<<<
#
# SS_cons <____>>>>>>>---->>>>,,,<<<<-<<-<<________>>>->>>>>,,)-))))))
#
# SS_cons ))))),<<<______>>>,,,,,,,]]]]]]------]--]],,[[[[[[,,,,<<<<<_
#
# SS_cons ___>>>>>,,(((((((,,,,,,,,,,,,,,,,,,,,,,,,,,,,,,,,,,<<<<<<<<-
#
# SS_cons ---<<<----<<<<<<<<<<--<<<<<<--<_______>-->>>>>>>>>>>>>>>>-->
#
# SS_cons >->---->>>>>>->>,,,<<<-<-<<-<<<_____________________________
#
# SS_cons ____________________________________________________________
#
# SS_cons ____________________________________________________________
#
# SS_cons ____________________________________________________________
#
# SS_cons ____________________________________________________________
#
# SS_cons ____________________________________________________________
#
# SS_cons ____________________________________________________________
#
# SS_cons ____________________________________________________________
#
# SS_cons ____________________________________________________________
#
# SS_cons ____________________________________________________________
#
# SS_cons _____________________________________________________>>>>>->
#
# SS_cons ->>>,,,,,,,,,,,,,,,,,,,))))))),,,,,<<<-<-<<<<<<_____>>>>>>>>
#
# SS_cons >>,,,,<<<______>>>,,,(((((-(---(((------(-(----(((----------
#
# SS_cons ----------(((-((((((((((-------(((((,<<<--<<<__________>>>--
#
# SS_cons >>><___><---<<_________>>->,)))))----))))))))-)))))---------
#
# SS_cons -------------)))-------))-)))---)-)))))<<<<<<--<<<__________
#
# SS_cons __________________________________________>>>>>>>->>,,,,]]]-
#
# SS_cons ------]]-],,<-<<<<<<<<--<-<-----------------<<-------<<<____
#
# SS_cons _>>>--->>------>>->>->>>>>>-->,,,,,}}}}}}:::::::::::::::<<<<
#
# SS_cons <<________________>>>>>>{{{{,,,,,,{{{{,,{{,,,<<<<<--<---<<__
#
# SS_cons ___>>->>>>>>,,,,,,{{{,((---((<-<<--<<-<_____>>->-->>>,,,,,,,
#
# SS_cons ,,,,<<<_____________________________________________________
#
# SS_cons ____________________________________________________________
#
# SS_cons ____________________________>>>,,,,,,,,,,,))----)),,,<<<<<__
#
# SS_cons _______>>>>>,,[[[[--------------------------------------[[[[
#
# SS_cons [[[,,,,,,,,,,,,,<<<<________________________________________
#
# SS_cons _____________>>>>,,,,,,,,,,((((((---((((--(((((((-(((<<-<<<<
#
# SS_cons _________>>>>>>,,,,<<<-<<-----------------<<---<<<<<<<<<<<__
#
# SS_cons ____>>>>>>>-->>>->--->>------------------>->->>>,,,,,,<<<<<<
#
# SS_cons <___________________________________________________________
#
# SS_cons ____________________________>>>>>->>,,))-)----)))))-))--))))
#
# SS_cons ---------)))))),,,,,,,,,,,,,,,,,,,,,,,,,,,,,,,,,,,,,,,,,,,,,
#
# SS_cons ,,,,,,,,,,,,,,,,,,,,,,,,,,,,,,,,,,,,,,,,,,,,,,,,,,,,,,,,,,,,
#
# SS_cons ,,,,,,,,,,,,,,,,,,,,,,,,,,,,,,,,,,,,,,,,,,,,,,]]----]]]]]---
#
# SS_cons ------]]]],}}},,}},,,,,<<______>>,,}}}},<<<<______>>>>,,}}}-
#
# SS_cons }:::{{-{{-----{{{{{{{{--{{{,,,,,,,,,,,,,,<<<<<----<<________
#
# SS_cons _>>---->>>>><<<<<<<<<<<<<<-<<<-<--<-<<<<-<<<---<<-<<-----<<<
#
# SS_cons <-----<<<-<-<<<-<-<<<<-<<<<<<<<<-<<<<<<<____________________
#
# SS_cons ________________________________________________________>>>>
#
# SS_cons >>>>->>>>>>>->>>-->>>--->>>>>>>--->>>>------->>>>->>>-------
#
# SS_cons ------------------------------------------------------------
#
# SS_cons ------------------------------------------------------------
#
# SS_cons ------------------------------------------------------------
#
# SS_cons ------------------------------------------------------------
#
# SS_cons ------------------------------------------->>>>>>>>>--------
#
# SS_cons ---->>->>>-->>>>>>>>><____>,,,,,,,[[[[[[[[[,,<<<__________>>
#
# SS_cons >,,<<<<<<<<---<-<<<<_____>>>>--->---->>>>>>>>,,((((,<<<--<<<
#
# SS_cons <<<-<--<<<----<<<<<______>>>>>------>>>>>>>>-->>>>><<<<<<___
#
# SS_cons ____>>>>>><_________________________________________________
#
# SS_cons ____________________________________________________________
#
# SS_cons ____________________________________________________________
#
# SS_cons ____________________________________________________________
#
# SS_cons ____________________________________________________________
#
# SS_cons ____________________________________________________________
#
# SS_cons _______>,,,,,,,,,,,,,,,,,,<<-<<<<_____>>>>>>,,,,,,,,,,)))),,
#
# SS_cons ,]]-]]]]]]],,,,}}}-}}}}}}}}-}}}}::::::::::::<<<<<___________
#
# SS_cons __>>>>>::{{{{{{-{{--{{{--{{,,,,,,{{{{-{{{{{{{,,[[[[---[[[[[[
#
# SS_cons [,,,,,<<<<<<<<<<<<<<<<<<---------<<<<<-------<<_____________
#
# SS_cons ________________________________>>------------>>>>>>>>>>>>>-
#
# SS_cons >>>>>>>>->>,,,,(((((------((((,,,,,<-<<<<___________________
#
# SS_cons ___________________________________>>>>>,,,,,,,,,,,,,,,,,,,<
#
# SS_cons <<<<________________________________________________________
#
# SS_cons ____________________________________________________________
#
# SS_cons ____________________________________________________________
#
# SS_cons ____________________________________________________________
#
# SS_cons ____________________________________________________________
#
# SS_cons ____________________________________________________________
#
# SS_cons ___________________________________>>->>>,,,))))------))))),
#
# SS_cons ,,,,,]]]]]]]----]]]],,<<<<_____>>>-><<<<<<___________>>>>>>,
#
# SS_cons ,[[,,,,((((((,<<-<<<<<-<________>>>>>>--->><<________>>,,,,)
#
# SS_cons ))))),,,,<<<<<<<<<_______>>>>>>>>--->,<<<____>>>,]],,,,,,,,,
#
# SS_cons ,<<<<<<----------<<<<_______________________________________
#
# SS_cons ____________________________________________________________
#
# SS_cons ____________________________________________________________
#
# SS_cons ____________________________________________________________
#
# SS_cons ____________________________________________________________
#
# SS_cons ____________________________________________________________
#
# SS_cons ____________________________________________________________
#
# SS_cons ____________________________________________________________
#
# SS_cons _>>>>>>>>>>,,,,,,,,,,}}}}}--}}}}}},,,,,,,,<<<-<<<<<<<<---<<_
#
# SS_cons ______>>--->>>>>>>-->>>>,,,,,,,,,,(((((((((((,,<<-<<-<<<<___
#
# SS_cons ___>>>>>>--->>,<<<<<________________________________________
#
# SS_cons ____________________________________________________________
#
# SS_cons ____________________________________________________________
#
# SS_cons ____________________________________________________________
#
# SS_cons ____________________________________________________________
#
# SS_cons ____________________________________________________________
#
# SS_cons ____________________________________________>>>>>,,,,,,)))))
#
# SS_cons --)--))))-),,,,,<<<<<<<____>>>->>>>,,,,}}--}}}}}}}}}}}::::::
#
# SS_cons :::::::::::::::::::::::::::::((((((((--((((,<<<<<<<<________
#
# SS_cons ___________>>>>>>>><<<<<---<<<----<<<<<<<<<<<______>>>>>>-->
#
# SS_cons >>>>----->>>--->>>>>,,,,,<<<-------<<<<<____________>>>>>---
#
# SS_cons ->>>,))))---------------))))))))::::::::::::::::<<<-<<<<____
#
# SS_cons ____________________________________________________________
#
# SS_cons ____________________________________________________________
#
# SS_cons ____________________________________________________________
#
# SS_cons ____________________________________________________________
#
# SS_cons ____________________________________________________________
#
# SS_cons ____________________________________________________________
#
# SS_cons _____________________________________________________>>>>>>>
#
# SS_cons :::::(((----((<-<<<<_________>>>->---->,,,,,,,,,,,<<<<<<<<<-
#
# SS_cons <<--<--<<<<--<<<<<<<<_______________________________________
#
# SS_cons ______>>>>>>>>>>>>--->--->>----->>>--->>>>>>,,,,)))))::
#

# The given structure

# Power analysis of given structure 
#
# covary  left_pos      right_pos    substitutions      power
#----------------------------------------------------------------
          24		56		32		0.33
          25		54		17		0.17
          26		53		31		0.32
     *    27		52		55		0.53
          28		51		7		0.04
          29		50		14		0.13
          35		42		2		0.00
          36		41		1		0.00
     *    66		73		81		0.68
     *    67		72		56		0.53
          77		110		8		0.05
     *    78		108		105		0.79
          79		107		24		0.25
          80		106		35		0.36
          81		105		123		0.84
          88		96		75		0.65
     *    89		95		51		0.50
          114		530		14		0.13
          115		529		9		0.07
          116		528		31		0.32
     *    117		527		117		0.83
          125		200		125		0.85
          126		199		123		0.84
          127		198		125		0.85
     *    128		197		99		0.76
          129		196		71		0.63
          130		195		70		0.62
          131		194		28		0.29
     *    132		190		90		0.73
          133		189		103		0.78
     *    134		187		125		0.85
     *    135		186		64		0.59
     *    136		182		143		0.89
     *    137		181		142		0.89
     *    138		180		138		0.88
     *    139		179		141		0.89
     *    140		178		140		0.88
          205		460		46		0.46
     *    206		459		104		0.78
     *    209		456		124		0.85
     *    210		455		117		0.83
     *    211		454		139		0.88
     *    212		453		138		0.88
     *    217		446		122		0.84
     *    218		445		132		0.87
     *    219		444		120		0.83
     *    220		443		122		0.84
     *    266		434		142		0.89
     *    267		433		157		0.92
          268		432		145		0.89
     *    269		431		162		0.92
     *    270		430		158		0.92
     *    272		427		158		0.92
     *    273		426		139		0.88
     *    281		413		143		0.89
     *    282		412		145		0.89
     *    283		410		166		0.93
     *    284		409		162		0.92
     *    285		408		125		0.85
     *    286		407		142		0.89
          287		406		130		0.86
          292		314		46		0.46
     *    295		309		114		0.82
     *    296		308		114		0.82
     *    298		307		134		0.87
          299		306		91		0.73
          336		340		27		0.28
          344		393		11		0.09
          345		392		2		0.00
          474		496		43		0.43
     *    475		495		144		0.89
     *    476		494		20		0.20
          477		493		17		0.17
     *    478		492		22		0.23
     *    479		491		67		0.61
          480		490		77		0.66
          504		524		58		0.55
     *    505		523		40		0.41
          506		522		38		0.39
     *    507		521		79		0.67
          508		520		10		0.08
          565		572		43		0.43
     *    566		571		97		0.76
          589		600		6		0.03
          590		599		23		0.24
          591		598		42		0.42
          592		597		27		0.28
     *    639		1450		63		0.58
     *    640		1449		94		0.74
     *    641		1448		152		0.91
     *    642		1447		138		0.88
     *    643		1446		101		0.77
     *    644		1445		95		0.75
     *    646		1444		129		0.86
     *    647		1443		113		0.81
     *    648		1439		137		0.88
     *    649		1438		106		0.79
     *    650		1436		112		0.81
     *    651		1435		133		0.87
          659		956		147		0.90
     *    664		952		134		0.87
     *    665		951		133		0.87
     *    666		950		154		0.91
     *    667		949		136		0.88
     *    668		947		138		0.88
     *    669		946		139		0.88
     *    670		945		104		0.78
     *    961		1425		99		0.76
     *    962		1424		149		0.90
     *    963		1423		157		0.92
     *    964		1421		138		0.88
     *    965		1420		155		0.91
     *    966		1419		154		0.91
     *    967		1418		138		0.88
          1453		1468		18		0.18
          1454		1467		21		0.21
          1455		1466		26		0.27
          1456		1465		0		0.00
          1469		3341		4		0.00
          1470		3340		17		0.17
          1471		3339		29		0.30
          1472		3338		8		0.05
          1473		3337		2		0.00
          1474		3336		1		0.00
     *    1479		1936		55		0.53
          1480		1935		79		0.67
          1481		1934		23		0.24
     *    1483		1933		121		0.84
          1484		1932		43		0.43
     *    1485		1931		93		0.74
     *    1486		1930		124		0.85
     *    1487		1929		146		0.90
     *    1488		1928		90		0.73
          1489		1927		111		0.81
     *    1490		1926		97		0.76
          1491		1925		36		0.37
          1492		1924		17		0.17
          1495		1562		20		0.20
          1496		1561		28		0.29
     *    1497		1560		156		0.91
          1500		1554		133		0.87
          1501		1553		77		0.66
     *    1502		1552		73		0.64
          1503		1551		37		0.38
          1504		1550		61		0.57
          1505		1549		80		0.68
     *    1566		1573		46		0.46
     *    1567		1572		63		0.58
     *    1676		1760		84		0.70
     *    1677		1759		128		0.86
     *    1678		1758		79		0.67
     *    1679		1757		118		0.83
     *    1680		1756		138		0.88
          1683		1752		121		0.84
     *    1684		1751		116		0.82
     *    1685		1750		111		0.81
     *    1762		1917		132		0.87
     *    1763		1916		41		0.41
     *    1764		1914		65		0.59
     *    1766		1913		120		0.83
     *    1767		1912		110		0.80
          1769		1910		90		0.73
     *    1770		1909		73		0.64
          1771		1908		132		0.87
          1778		1902		144		0.89
     *    1779		1901		149		0.90
          1939		2082		8		0.05
          1940		2081		12		0.11
          1942		2078		4		0.00
          1946		2071		3		0.00
          1947		2070		25		0.26
          1948		2069		38		0.39
          1949		2068		41		0.41
          1950		2067		29		0.30
          1951		2066		0		0.00
          1955		2045		1		0.00
          1956		2044		0		0.00
          1957		2043		0		0.00
     *    1958		2042		30		0.31
          1959		2041		37		0.38
          1960		2040		14		0.13
     *    1961		2039		64		0.59
          1962		2038		40		0.41
          1963		2037		21		0.21
     *    1964		2036		93		0.74
     *    1965		2035		118		0.83
     *    1966		2033		115		0.82
          1968		2000		10		0.08
          1969		1999		72		0.64
     *    1970		1998		110		0.80
          1971		1997		59		0.55
          1975		1992		7		0.04
     *    1976		1991		75		0.65
          1977		1990		33		0.34
          1978		1989		11		0.09
          1979		1988		16		0.16
          1980		1987		83		0.69
     *    1981		1986		41		0.41
          2004		2030		34		0.35
     *    2005		2029		74		0.65
     *    2006		2028		63		0.58
          2007		2027		61		0.57
     *    2009		2026		116		0.82
          2010		2024		14		0.13
          2012		2023		18		0.18
          2013		2022		0		0.00
          2047		2058		20		0.20
          2048		2057		14		0.13
          2049		2056		11		0.09
     *    2085		3250		52		0.50
          2086		3248		20		0.20
     *    2087		3247		101		0.77
     *    2088		3239		93		0.74
          2089		3238		18		0.18
          2090		3237		35		0.36
          2095		2108		18		0.18
          2096		2107		11		0.09
          2097		2106		0		0.00
          2098		2105		14		0.13
          2099		2104		26		0.27
          2111		2910		99		0.76
          2112		2909		54		0.52
     *    2113		2908		109		0.80
     *    2114		2907		109		0.80
     *    2115		2906		115		0.82
     *    2116		2905		84		0.70
     *    2117		2904		112		0.81
          2152		2236		15		0.14
          2153		2235		33		0.34
     *    2154		2233		63		0.58
     *    2155		2232		38		0.39
     *    2156		2231		19		0.19
          2157		2230		32		0.33
     *    2158		2229		93		0.74
          2159		2228		137		0.88
          2164		2223		21		0.21
          2165		2221		0		0.00
          2166		2220		1		0.00
          2171		2217		0		0.00
          2172		2216		22		0.23
          2173		2215		7		0.04
          2174		2214		12		0.11
          2175		2213		0		0.00
          2176		2212		8		0.05
          2177		2211		9		0.07
          2178		2210		23		0.24
          2179		2209		20		0.20
          2180		2208		27		0.28
          2183		2207		33		0.34
     *    2184		2206		118		0.83
     *    2185		2205		80		0.68
          2186		2204		10		0.08
          2187		2203		29		0.30
          2188		2202		53		0.51
     *    2191		2199		141		0.89
     *    2240		2884		111		0.81
     *    2241		2883		141		0.89
     *    2242		2882		143		0.89
     *    2244		2880		151		0.91
     *    2246		2878		154		0.91
     *    2247		2877		148		0.90
     *    2249		2876		120		0.83
     *    2250		2875		64		0.59
     *    2251		2874		58		0.55
          2916		2942		13		0.12
          2917		2941		4		0.00
          2918		2940		25		0.26
          2920		2939		3		0.00
          2922		2938		61		0.57
          2923		2937		19		0.19
          2924		2936		27		0.28
          2925		2935		12		0.11
          2926		2934		21		0.21
          2927		2933		22		0.23
     *    2947		2958		119		0.83
          2948		2957		30		0.31
          2949		2956		3		0.00
          2962		3159		19		0.19
     *    2963		3158		127		0.85
     *    2964		3157		155		0.91
     *    2965		3156		107		0.79
     *    2966		3155		120		0.83
          2968		3153		32		0.33
     *    2972		3149		59		0.55
          2973		3148		29		0.30
     *    2974		3147		92		0.74
     *    2981		3145		137		0.88
     *    2983		3144		143		0.89
     *    2988		3136		59		0.55
     *    2989		3135		53		0.51
          2990		3134		5		0.01
     *    3011		3111		50		0.49
          3012		3110		15		0.14
          3013		3109		12		0.11
          3015		3108		12		0.11
          3016		3107		6		0.03
          3017		3105		23		0.24
          3018		3104		77		0.66
     *    3019		3103		68		0.61
          3020		3102		14		0.13
          3021		3101		71		0.63
     *    3022		3100		130		0.86
     *    3023		3099		50		0.49
          3024		3098		3		0.00
          3032		3093		7		0.04
          3033		3092		37		0.38
     *    3034		3091		55		0.53
          3035		3090		26		0.27
          3036		3089		25		0.26
          3038		3063		20		0.20
          3039		3062		26		0.27
          3040		3061		12		0.11
          3043		3058		30		0.31
     *    3044		3057		91		0.73
          3045		3056		29		0.30
          3064		3068		9		0.07
          3069		3087		20		0.20
          3073		3085		16		0.16
          3074		3084		2		0.00
          3160		3232		8		0.05
     *    3161		3231		126		0.85
     *    3162		3229		55		0.53
     *    3163		3228		116		0.82
     *    3164		3227		118		0.83
     *    3165		3226		146		0.90
     *    3168		3225		139		0.88
     *    3169		3224		80		0.68
     *    3170		3223		103		0.78
          3253		3330		46		0.46
     *    3255		3327		71		0.63
     *    3256		3326		98		0.76
     *    3257		3325		95		0.75
     *    3258		3324		150		0.90
     *    3259		3323		52		0.50
     *    3260		3322		75		0.65
          3261		3320		51		0.50
     *    3262		3319		130		0.86
          3265		3317		36		0.37
     *    3267		3316		112		0.81
          3285		3309		24		0.25
     *    3286		3308		97		0.76
          3294		3304		47		0.46
     *    3295		3303		82		0.69
     *    3296		3302		89		0.72
     *    3357		3384		78		0.67
          3358		3383		6		0.03
          3359		3382		35		0.36
     *    3360		3381		56		0.53
          3361		3380		7		0.04
     *    3362		3379		83		0.69
          3385		4321		60		0.56
          3386		4319		42		0.42
          3387		4318		9		0.07
          3388		4317		100		0.77
          3395		4299		24		0.25
          3396		4298		15		0.14
          3397		4297		45		0.45
          3398		4296		6		0.03
     *    3401		4278		95		0.75
          3402		4277		3		0.00
     *    3406		3432		54		0.52
          3407		3431		35		0.36
     *    3408		3430		106		0.79
     *    3409		3429		68		0.61
          3410		3428		59		0.55
     *    3413		3427		87		0.71
          3417		3425		35		0.36
          3418		3424		41		0.41
          3439		4274		27		0.28
          3440		4273		28		0.29
     *    3441		4272		102		0.78
          3443		3650		12		0.11
          3444		3649		3		0.00
          3448		3644		21		0.21
     *    3449		3643		126		0.85
          3450		3473		120		0.83
          3452		3472		96		0.75
          3453		3471		113		0.81
          3456		3468		69		0.62
     *    3457		3466		74		0.65
     *    3459		3465		134		0.87
     *    3485		3631		135		0.87
     *    3486		3630		148		0.90
     *    3487		3629		129		0.86
     *    3654		3672		133		0.87
     *    3655		3671		95		0.75
     *    3656		3670		171		0.94
          3657		3669		33		0.34
          3658		3668		21		0.21
     *    3675		4270		55		0.53
     *    3676		4269		159		0.92
     *    3677		4268		94		0.74
     *    3678		4267		89		0.72
          3717		4257		140		0.88
     *    3718		4256		84		0.70
     *    3719		4255		135		0.87
     *    3720		4254		69		0.62
          3721		4253		85		0.70
     *    3722		4248		109		0.80
          3723		4247		139		0.88
          3737		3797		112		0.81
     *    3738		3796		124		0.85
     *    3739		3795		114		0.82
          3740		3794		41		0.41
     *    3808		4095		94		0.74
     *    3809		4094		125		0.85
     *    3810		4093		98		0.76
     *    3811		4092		103		0.78
     *    3812		4091		87		0.71
     *    3813		4090		99		0.76
     *    3817		4080		110		0.80
     *    3818		4079		114		0.82
     *    3819		4078		113		0.81
     *    3820		4077		98		0.76
     *    3823		4074		108		0.80
     *    3824		4073		145		0.89
     *    3825		4071		141		0.89
     *    3826		4070		95		0.75
          3827		4069		82		0.69
     *    3828		4068		71		0.63
     *    3829		4067		105		0.79
          3831		4062		71		0.63
     *    3832		4060		98		0.76
     *    3833		4059		102		0.78
          3834		3855		49		0.48
          3835		3854		93		0.74
          3837		3853		104		0.78
          3838		3852		25		0.26
          3839		3851		8		0.05
          3840		3850		53		0.51
     *    3860		3948		95		0.75
     *    3861		3947		121		0.84
     *    3862		3946		114		0.82
     *    3864		3944		145		0.89
          3865		3942		110		0.80
     *    3883		3923		119		0.83
          3884		3922		8		0.05
          3888		3918		16		0.16
     *    3889		3916		94		0.74
          3890		3915		40		0.41
          3891		3914		63		0.58
          3892		3911		67		0.61
          3893		3910		0		0.00
          3894		3909		20		0.20
          3895		3908		46		0.46
     *    3896		3907		104		0.78
     *    3897		3906		102		0.78
     *    3898		3905		72		0.64
     *    3955		4056		48		0.47
     *    3956		4055		125		0.85
     *    3957		4053		131		0.86
     *    3958		4052		141		0.89
     *    3959		4051		145		0.89
     *    3960		4050		85		0.70
          3961		4049		116		0.82
          4284		4293		9		0.07
          4285		4292		15		0.14
          4301		4314		2		0.00
          4302		4313		1		0.00
          4303		4312		29		0.30
          4304		4311		8		0.05
          4325		5552		4		0.00
          4326		5551		20		0.20
          4328		5550		17		0.17
          4329		5549		7		0.04
          4335		5547		62		0.57
          4336		5546		15		0.14
          4337		5545		14		0.13
          4338		5544		13		0.12
          4339		5543		43		0.43
          4340		5542		84		0.70
          4341		5541		20		0.20
          4342		5540		2		0.00
          4345		5538		7		0.04
          4346		5537		8		0.05
          4347		5536		7		0.04
          4362		4392		3		0.00
          4363		4391		16		0.16
          4364		4390		3		0.00
          4365		4389		24		0.25
          4366		4388		24		0.25
          4371		4383		20		0.20
          4372		4382		5		0.01
          4393		4941		13		0.12
          4394		4940		2		0.00
          4395		4939		0		0.00
          4396		4938		1		0.00
          4397		4937		6		0.03
     *    4398		4936		29		0.30
     *    4399		4935		123		0.84
          4400		4934		21		0.21
     *    4401		4933		68		0.61
          4402		4930		59		0.55
     *    4403		4929		83		0.69
     *    4404		4928		103		0.78
     *    4405		4926		83		0.69
     *    4406		4925		59		0.55
          4408		4912		41		0.41
     *    4409		4911		108		0.80
     *    4410		4910		144		0.89
     *    4412		4909		143		0.89
     *    4415		4908		128		0.86
     *    4417		4907		118		0.83
     *    4418		4906		126		0.85
          4419		4905		69		0.62
          4420		4904		89		0.72
     *    4422		4613		126		0.85
     *    4423		4612		58		0.55
     *    4424		4611		131		0.86
     *    4428		4609		149		0.90
     *    4429		4608		143		0.89
          4431		4607		144		0.89
     *    4432		4606		148		0.90
     *    4438		4598		101		0.77
     *    4439		4597		118		0.83
          4440		4596		127		0.85
     *    4441		4595		120		0.83
          4447		4591		67		0.61
          4448		4590		60		0.56
     *    4449		4589		103		0.78
     *    4451		4588		129		0.86
          4453		4587		112		0.81
     *    4454		4586		116		0.82
          4455		4585		130		0.86
          4457		4581		115		0.82
     *    4459		4580		110		0.80
     *    4460		4579		105		0.79
          4461		4576		105		0.79
          4462		4575		97		0.76
     *    4464		4574		74		0.65
          4465		4572		102		0.78
          4466		4571		121		0.84
     *    4467		4570		101		0.77
     *    4468		4569		107		0.79
     *    4469		4568		135		0.87
     *    4470		4567		111		0.81
     *    4471		4566		126		0.85
     *    4472		4564		117		0.83
          4474		4563		124		0.85
          4475		4562		130		0.86
     *    4476		4561		136		0.88
     *    4477		4560		153		0.91
     *    4478		4559		110		0.80
     *    4479		4558		134		0.87
          4480		4557		123		0.84
          4942		4947		23		0.24
          4955		5531		34		0.35
          4956		5530		3		0.00
          4957		5529		11		0.09
          4958		5528		1		0.00
          4959		5527		3		0.00
          4960		5526		4		0.00
          4961		5525		9		0.07
          4962		5523		51		0.50
          4963		5522		47		0.46
          4966		4981		6		0.03
          4967		4980		32		0.33
          4968		4979		2		0.00
          4984		5025		0		0.00
     *    4985		5024		41		0.41
     *    4986		5023		22		0.23
     *    4987		5022		31		0.32
     *    4988		5021		52		0.50
     *    4989		5020		58		0.55
     *    4990		5019		97		0.76
          4991		5018		26		0.27
          4995		5013		35		0.36
          4997		5009		30		0.31
     *    4998		5008		85		0.70
     *    4999		5007		46		0.46
     *    5000		5006		169		0.93
          5028		5518		12		0.11
          5029		5517		2		0.00
          5030		5516		19		0.19
          5031		5515		17		0.17
          5033		5091		21		0.21
          5034		5090		6		0.03
          5035		5089		23		0.24
          5038		5088		8		0.05
          5039		5087		0		0.00
          5040		5084		14		0.13
          5041		5083		9		0.07
          5042		5082		2		0.00
          5043		5081		32		0.33
          5045		5080		17		0.17
          5048		5079		21		0.21
          5049		5078		19		0.19
          5050		5077		2		0.00
          5055		5070		35		0.36
          5056		5069		26		0.27
          5057		5068		45		0.45
          5058		5067		16		0.16
          5059		5066		45		0.45
          5092		5110		19		0.19
          5093		5109		2		0.00
          5094		5108		8		0.05
          5095		5107		2		0.00
          5096		5106		4		0.00
          5097		5105		0		0.00
          5111		5468		4		0.00
          5487		5504		24		0.25
          5488		5503		1		0.00
          5490		5502		23		0.24
          5491		5501		13		0.12
          5492		5500		21		0.21
          5493		5499		9		0.07
          5565		5587		23		0.24
     *    5566		5586		31		0.32
          5567		5585		4		0.00
          5568		5584		11		0.09
          5569		5583		10		0.08
          5590		7554		112		0.81
          5591		7553		44		0.44
          5592		7552		25		0.26
     *    5593		7551		67		0.61
          5594		7550		50		0.49
          5595		7549		13		0.12
          5597		7548		4		0.00
          5598		7547		12		0.11
          5601		7546		7		0.04
          5602		7545		9		0.07
          5603		7544		8		0.05
          5606		7541		0		0.00
          5607		7540		2		0.00
          5614		6994		13		0.12
          5615		6993		8		0.05
          5616		6992		2		0.00
          5617		6991		29		0.30
          5619		6990		1		0.00
          5620		6989		22		0.23
          5621		6986		0		0.00
          5622		6985		4		0.00
          5623		6984		6		0.03
          5624		6983		0		0.00
          5625		6982		0		0.00
          5628		6320		1		0.00
          5629		6319		5		0.01
          5630		6318		0		0.00
          5631		6317		10		0.08
          5635		6312		21		0.21
          5636		6311		51		0.50
          5637		6310		39		0.40
          5638		6309		35		0.36
     *    5639		6308		96		0.75
          5640		6307		41		0.41
     *    5641		6306		112		0.81
          5647		5771		14		0.13
          5648		5770		16		0.16
          5649		5768		46		0.46
          5650		5767		17		0.17
          5651		5766		52		0.50
     *    5652		5765		90		0.73
     *    5653		5764		130		0.86
          5654		5763		55		0.53
          5655		5762		41		0.41
          5656		5761		69		0.62
     *    5657		5759		104		0.78
          5658		5758		30		0.31
     *    5659		5757		92		0.74
     *    5660		5756		94		0.74
          5661		5755		86		0.71
     *    5662		5754		75		0.65
          5663		5753		9		0.07
          5664		5752		7		0.04
          5674		5751		60		0.56
          5675		5750		13		0.12
          5676		5749		4		0.00
          5677		5748		25		0.26
          5678		5747		17		0.17
          5686		5734		5		0.01
     *    5687		5733		124		0.85
     *    5776		6299		104		0.78
     *    5777		6298		75		0.65
     *    5778		6297		83		0.69
     *    5779		6296		125		0.85
     *    5780		6295		115		0.82
     *    5787		6288		128		0.86
     *    5788		6287		112		0.81
     *    5789		6286		69		0.62
     *    5790		6285		109		0.80
     *    5796		5860		113		0.81
     *    5798		5859		144		0.89
     *    5799		5858		139		0.88
     *    5800		5857		135		0.87
          5801		5856		140		0.88
     *    5880		6281		86		0.71
     *    5881		6280		128		0.86
     *    5882		6279		123		0.84
     *    5883		6277		102		0.78
     *    5884		6276		121		0.84
          6323		6336		17		0.17
     *    6324		6334		103		0.78
          6325		6333		2		0.00
          6326		6332		12		0.11
          6337		6359		4		0.00
          6338		6358		29		0.30
          6339		6357		8		0.05
          6340		6356		13		0.12
     *    6341		6355		46		0.46
          6342		6354		41		0.41
          6362		6471		6		0.03
          6363		6470		15		0.14
     *    6368		6425		71		0.63
     *    6369		6424		140		0.88
     *    6370		6423		119		0.83
     *    6371		6422		64		0.59
     *    6372		6421		68		0.61
          6373		6420		2		0.00
          6375		6403		6		0.03
          6376		6402		19		0.19
     *    6378		6398		134		0.87
     *    6379		6397		145		0.89
          6380		6396		14		0.13
          6381		6395		27		0.28
          6382		6394		2		0.00
     *    6384		6393		91		0.73
     *    6404		6415		133		0.87
          6405		6414		57		0.54
          6430		6457		10		0.08
     *    6431		6453		82		0.69
     *    6432		6452		56		0.53
          6433		6451		69		0.62
          6434		6450		29		0.30
     *    6435		6449		33		0.34
          6436		6448		30		0.31
     *    6437		6447		51		0.50
          6438		6446		34		0.35
     *    6459		6468		131		0.86
     *    6460		6467		81		0.68
          6461		6466		61		0.57
          6482		6971		3		0.00
          6483		6970		3		0.00
          6484		6969		5		0.01
          6485		6968		20		0.20
     *    6486		6967		99		0.76
          6487		6966		62		0.57
          6498		6965		92		0.74
     *    6499		6964		83		0.69
     *    6500		6963		108		0.80
     *    6501		6962		156		0.91
          7003		7044		1		0.00
          7004		7043		5		0.01
          7005		7042		14		0.13
          7007		7041		9		0.07
          7008		7038		0		0.00
          7009		7037		9		0.07
          7010		7036		3		0.00
          7011		7035		12		0.11
     *    7012		7034		84		0.70
          7013		7033		1		0.00
          7014		7032		30		0.31
          7018		7028		12		0.11
          7019		7027		12		0.11
          7055		7511		8		0.05
          7056		7509		6		0.03
          7057		7508		6		0.03
          7058		7507		2		0.00
          7059		7506		0		0.00
          7060		7503		13		0.12
          7061		7500		1		0.00
          7062		7499		0		0.00
          7063		7498		8		0.05
          7064		7497		4		0.00
          7065		7496		1		0.00
          7068		7094		22		0.23
          7069		7093		60		0.56
     *    7071		7089		112		0.81
     *    7072		7088		86		0.71
     *    7074		7087		128		0.86
     *    7075		7086		23		0.24
          7076		7085		12		0.11
     *    7077		7084		70		0.62
     *    7096		7489		92		0.74
          7097		7488		22		0.23
          7098		7487		13		0.12
          7099		7486		3		0.00
          7100		7485		1		0.00
          7517		7535		0		0.00
          7518		7534		0		0.00
          7519		7533		6		0.03
          7520		7532		16		0.16
          7521		7530		12		0.11
          7522		7529		0		0.00
          7523		7528		12		0.11
          7590		7772		75		0.65
     *    7591		7771		108		0.80
          7592		7770		97		0.76
     *    7593		7769		98		0.76
     *    7594		7768		94		0.74
     *    7595		7767		120		0.83
     *    7596		7766		82		0.69
     *    7597		7765		95		0.75
     *    7600		7749		110		0.80
     *    7601		7748		64		0.59
          7602		7747		4		0.00
          7603		7746		82		0.69
          7605		7639		35		0.36
          7606		7638		37		0.38
     *    7607		7637		109		0.80
     *    7608		7636		121		0.84
     *    7609		7635		99		0.76
     *    7610		7634		101		0.77
     *    7611		7633		70		0.62
          7612		7632		74		0.65
          7640		7700		32		0.33
     *    7641		7699		83		0.69
     *    7642		7698		73		0.64
     *    7643		7697		31		0.32
          7644		7696		81		0.68
          7648		7692		4		0.00
          7649		7691		11		0.09
          7650		7690		13		0.12
          7655		7684		59		0.55
     *    7656		7683		71		0.63
     *    7657		7682		72		0.64
     *    7658		7681		108		0.80
     *    7659		7680		113		0.81
          7660		7677		105		0.79
     *    7661		7676		39		0.40
     *    7662		7675		82		0.69
     *    7663		7674		112		0.81
          7664		7673		84		0.70
     *    7665		7672		94		0.74
     *    7706		7744		146		0.90
     *    7707		7743		40		0.41
          7708		7742		18		0.18
     *    7716		7737		67		0.61
     *    7717		7736		45		0.45
     *    7718		7735		112		0.81
          7719		7734		16		0.16
          7720		7733		2		0.00
     *    7789		8220		154		0.91
     *    7790		8219		87		0.71
     *    7791		8218		142		0.89
     *    7793		8217		133		0.87
     *    7794		8216		119		0.83
     *    7795		8215		137		0.88
     *    7796		8214		147		0.90
          8226		8393		58		0.55
     *    8227		8392		95		0.75
          8228		8391		9		0.07
          8233		8390		46		0.46
          8234		8389		60		0.56
          8235		8259		146		0.90
     *    8237		8254		135		0.87
          8238		8252		82		0.69
          8239		8251		46		0.46
          8240		8250		20		0.20
          8271		8384		105		0.79
     *    8272		8383		136		0.88
     *    8273		8382		111		0.81
     *    8274		8381		127		0.85
          8275		8380		64		0.59
          8276		8379		142		0.89
          8277		8375		107		0.79
          8278		8374		17		0.17
          8279		8373		7		0.04
     *    8281		8367		119		0.83
     *    8282		8366		93		0.74
          8285		8362		12		0.11
          8288		8358		89		0.72
     *    8289		8357		134		0.87
     *    8290		8356		106		0.79
          8291		8355		84		0.70
          8294		8354		56		0.53
          8295		8353		20		0.20
          8296		8352		14		0.13
          8297		8351		7		0.04
     *    8298		8350		99		0.76
          8299		8349		42		0.42
          8300		8348		69		0.62
     *    8301		8347		130		0.86
#
# BPAIRS 872
# avg substitutions per BP  64.1
# BPAIRS expected to covary 423.2
# BPAIRS observed to covary 380
#
