# R-scape :: RNA Structural Covariation Above Phylogenetic Expectation
# R-scape 1.5.4 elenarivas@fas.harvard.edu (May 2020)
# Copyright (C) 2016-2019 Howard Hughes Medical Institute.
# Freely distributed under the GNU General Public License (GPLv3).
gnuplot not found. Some plots will not display
#-------------------------------------------------------------------------------------------------------
# MSA RF02540_LSU_rRNA_archaea nseq 91 (91) alen 3039 (4236) avgid 68.18 (67.92) nbpairs 786 (786)
# Two-set statistical test (one test for annotated basepairs, another for all other pairs)
#
#
# Method Target_E-val [cov_min,cov_max] [FP | TP True Found | Sen PPV F] 
# GTp    0.05         [-9.74,207.86]     [11 | 454 786 465 | 57.76 97.63 72.58] 
#
#       left_pos       right_pos        score          E-value       substitutions      power
#-------------------------------------------------------------------------------------------------------
*	    1013	    1042	207.85579	3.32006e-15	150		0.90
*	    1158	    1267	205.87502	5.19929e-15	174		0.94
*	    1921	    1939	203.89121	7.69791e-15	147		0.90
*	    4126	    4218	201.57158	1.27488e-14	145		0.89
*	     381	     517	199.73147	1.88735e-14	168		0.93
*	    3405	    3420	194.50296	5.78838e-14	149		0.90
*	    2769	    2803	194.32889	6.12192e-14	150		0.90
*	    2812	    3902	193.06039	7.6596e-14	149		0.90
*	    2310	    2742	193.09078	7.6596e-14	138		0.88
*	     236	     260	192.01449	9.58335e-14	137		0.88
*	    1836	    1851	190.77914	1.26808e-13	149		0.90
*	     849	     971	190.04269	1.50009e-13	174		0.94
*	    2906	    3429	188.15482	2.22009e-13	138		0.88
*	     302	     308	187.82737	2.34796e-13	149		0.90
*	     575	     586	186.08383	3.47469e-13	137		0.88
*	    1348	    1692	185.62387	3.88639e-13	129		0.86
*	     274	     286	185.19294	4.11019e-13	132		0.87
*	    2506	    2543	184.53139	4.86187e-13	135		0.87
*	     382	     516	184.32834	5.14182e-13	164		0.93
*	    4030	    4048	184.07439	5.43787e-13	142		0.89
*	    2363	    2398	183.59390	5.75097e-13	150		0.90
*	    1159	    1266	183.75917	5.75097e-13	109		0.80
*	    1956	    1969	183.50665	6.08209e-13	163		0.93
*	     325	     592	183.57470	6.08209e-13	119		0.83
*	    3672	    3706	183.11065	6.43226e-13	146		0.90
*	    1132	    1744	182.43849	7.6084e-13	141		0.89
*	      89	     118	181.22385	9.51756e-13	142		0.89
*	    1716	    1730	178.28933	1.86283e-12	143		0.89
*	    1131	    1746	177.79187	2.0834e-12	119		0.83
*	    2457	    2485	177.41932	2.20329e-12	136		0.88
*	    3620	    3645	176.88272	2.46416e-12	126		0.85
*	     865	     877	176.78906	2.46416e-12	134		0.87
*	    3675	    3702	176.62513	2.60595e-12	150		0.90
*	     435	     455	176.66240	2.60595e-12	148		0.90
*	    2272	    2280	176.24414	2.7559e-12	128		0.86
*	    2360	    2404	174.92501	3.64536e-12	148		0.90
*	     324	     593	174.59799	4.07687e-12	125		0.85
*	    1326	    1706	174.20346	4.31141e-12	142		0.89
*	    4131	    4141	173.29222	5.39241e-12	118		0.83
*	    1282	    1301	173.27896	5.39241e-12	144		0.89
*	    1920	    1940	172.84450	5.70259e-12	148		0.90
*	    1980	    2232	172.56829	6.03061e-12	154		0.91
*	    4167	    4193	172.44504	6.37748e-12	142		0.89
*	    3964	    4015	172.26363	6.7443e-12	150		0.90
*	     438	     452	172.02584	6.7443e-12	154		0.91
*	    1835	    1852	171.56939	7.54242e-12	136		0.88
*	    1979	    2233	170.24205	9.97548e-12	159		0.92
*	    3809	    3820	170.14431	1.05491e-11	136		0.88
*	    2100	    2133	169.80092	1.11558e-11	136		0.88
*	      65	     125	169.65569	1.17972e-11	124		0.85
*	    4029	    4049	169.37193	1.24756e-11	134		0.87
*	    1051	    1075	169.21968	1.24756e-11	121		0.84
*	    4130	    4142	168.83198	1.39515e-11	147		0.90
*	     717	     804	167.59693	1.74475e-11	139		0.88
*	      26	     693	167.66974	1.74475e-11	161		0.92
*	    3407	    3418	167.36981	1.84506e-11	165		0.93
*	    1208	    1218	167.35150	1.84506e-11	145		0.89
*	     713	     808	167.53641	1.84506e-11	145		0.89
*	    2049	    2179	165.49009	2.72851e-11	164		0.93
*	    1001	    1088	165.64169	2.72851e-11	133		0.87
*	    1157	    1268	165.09014	3.05118e-11	149		0.90
*	    3648	    3657	164.77662	3.22654e-11	124		0.85
*	    1172	    1251	164.69913	3.22654e-11	148		0.90
*	    3917	    4074	164.56060	3.41198e-11	148		0.90
*	    1978	    2234	164.36343	3.60807e-11	156		0.91
*	     341	     353	164.00517	3.81542e-11	120		0.83
*	    4153	    4208	163.77250	4.03469e-11	153		0.91
*	    3918	    4073	163.38544	4.26654e-11	132		0.87
*	    2459	    2483	163.45980	4.26654e-11	144		0.89
*	    1975	    2236	162.86173	4.77097e-11	133		0.87
*	     383	     514	163.02958	4.77097e-11	142		0.89
*	    1170	    1253	162.69889	5.04511e-11	152		0.91
*	     903	     941	162.69509	5.04511e-11	126		0.85
*	    3674	    3704	162.00880	5.96567e-11	138		0.88
*	    1770	    1786	161.46243	6.67085e-11	148		0.90
*	    4155	    4206	161.15599	7.05409e-11	144		0.89
*	    2057	    2078	160.53381	7.88785e-11	108		0.80
*	     427	     486	160.65683	7.88785e-11	129		0.86
*	     437	     453	159.99578	8.8201e-11	138		0.88
*	    1209	    1217	158.91420	1.10279e-10	122		0.84
*	    1142	    1149	159.02366	1.10279e-10	123		0.84
*	     537	     555	158.11287	1.30392e-10	108		0.80
*	      28	     691	157.87170	1.3788e-10	118		0.83
*	     735	     787	157.70251	1.45798e-10	127		0.85
*	    1207	    1219	157.39438	1.54171e-10	96		0.75
*	    4132	    4140	157.08009	1.63024e-10	78		0.67
*	    1283	    1300	157.25613	1.63024e-10	138		0.88
*	    1023	    1031	157.23261	1.63024e-10	129		0.86
*	    1714	    1732	156.93926	1.72385e-10	116		0.82
*	     432	     459	156.38293	1.92749e-10	113		0.81
*	    1140	    1151	156.22360	2.03816e-10	114		0.82
*	    2103	    2129	155.80147	2.15517e-10	117		0.83
*	    2811	    3903	155.56880	2.27891e-10	113		0.81
*	    2465	    2475	155.63486	2.27891e-10	120		0.83
*	     949	     957	155.22411	2.40974e-10	130		0.86
*	    3406	    3419	155.06770	2.54807e-10	177		0.94
*	    3563	    3611	154.88343	2.69435e-10	114		0.82
*	    2869	    3465	153.89324	3.3683e-10	173		0.94
*	    1977	    2235	153.74223	3.3683e-10	124		0.85
*	    1710	    1736	153.86411	3.3683e-10	124		0.85
*	     993	    1111	153.45072	3.56163e-10	122		0.84
*	     866	     876	153.52447	3.56163e-10	91		0.73
*	    3624	    3641	153.03693	3.98218e-10	113		0.81
*	     850	     970	152.66934	4.21071e-10	138		0.88
*	    3747	    3769	151.62118	5.26365e-10	128		0.86
*	     175	     226	151.17107	5.88501e-10	128		0.86
*	     290	     318	150.51056	6.57967e-10	150		0.90
*	    2771	    2801	149.00866	9.19503e-10	124		0.85
*	    1394	    1649	148.55390	1.02801e-09	131		0.86
*	    3529	    3551	147.99303	1.1493e-09	126		0.85
*	    2308	    2744	147.21041	1.35858e-09	131		0.86
*	    1982	    2230	147.31327	1.35858e-09	125		0.85
*	     710	     810	146.46426	1.60594e-09	124		0.85
*	    3920	    4071	146.08484	1.69801e-09	113		0.81
*	    1171	    1252	144.63262	2.37244e-09	119		0.83
*	    2048	    2180	143.57855	2.9649e-09	137		0.88
*	    1004	    1085	143.49580	2.9649e-09	115		0.82
*	     904	     940	143.63864	2.9649e-09	84		0.70
*	       7	    4230	143.34758	3.13481e-09	157		0.92
*	    1285	    1298	143.30992	3.13481e-09	103		0.78
*	    3564	    3610	142.71539	3.50438e-09	112		0.81
*	    2104	    2128	142.72950	3.50438e-09	117		0.83
*	    3963	    4016	142.13212	3.91749e-09	130		0.86
*	    1284	    1299	142.12093	3.91749e-09	154		0.91
*	     737	     785	142.12849	3.91749e-09	145		0.89
*	    3936	    3956	141.73201	4.37924e-09	129		0.86
*	     343	     351	141.74265	4.37924e-09	98		0.76
*	    1141	    1150	141.33840	4.63013e-09	129		0.86
*	     738	     783	141.29690	4.63013e-09	109		0.80
*	    3621	    3644	140.98025	5.17581e-09	103		0.78
*	     234	     262	140.81093	5.17581e-09	116		0.82
*	    1922	    1938	140.72073	5.47229e-09	140		0.88
*	     178	     223	140.71133	5.47229e-09	97		0.76
*	    1755	    1799	140.35563	5.78574e-09	133		0.87
*	    1709	    1737	140.36769	5.78574e-09	140		0.88
*	    1176	    1247	140.16981	6.11713e-09	121		0.84
*	    1837	    1850	139.86579	6.46749e-09	100		0.77
*	    1056	    1070	139.89983	6.46749e-09	137		0.88
*	     752	     764	139.25509	7.22949e-09	108		0.80
*	      88	     119	139.39406	7.22949e-09	106		0.79
*	    2522	    2529	139.09181	7.6435e-09	96		0.75
*	    3745	    3771	138.74763	8.08119e-09	98		0.76
*	    3562	    3612	138.68628	8.08119e-09	98		0.76
*	    2884	    3453	138.83191	8.08119e-09	163		0.93
*	    1380	    1659	138.45041	8.54393e-09	152		0.91
*	     990	    1113	138.09270	9.55033e-09	81		0.68
*	    3533	    3547	137.77764	1.00971e-08	113		0.81
*	    2304	    2747	137.60994	1.06752e-08	139		0.88
*	    1197	    1228	137.22943	1.12863e-08	134		0.87
*	     841	     978	137.10344	1.12863e-08	124		0.85
*	     238	     258	137.23952	1.12863e-08	109		0.80
*	    2832	    3894	136.89156	1.19324e-08	117		0.83
*	    2055	    2080	136.76498	1.26154e-08	118		0.83
*	       8	    4229	136.25485	1.41008e-08	166		0.93
*	    4021	    4056	136.27320	1.41008e-08	127		0.85
*	    3684	    3697	135.75130	1.5761e-08	114		0.82
*	     753	     763	135.75734	1.5761e-08	110		0.80
*	    1877	    1899	134.90144	1.86246e-08	95		0.75
*	     864	     878	134.94299	1.86246e-08	120		0.83
*	    2305	    2746	134.24710	2.08168e-08	111		0.81
*	    1757	    1796	134.39581	2.08168e-08	165		0.93
*	    1712	    1733	133.87685	2.32668e-08	75		0.65
*	    1059	    1068	133.49536	2.45978e-08	95		0.75
*	     342	     352	133.39189	2.60048e-08	107		0.79
*	    2511	    2540	132.91106	2.74923e-08	100		0.77
*	    2024	    2208	132.62390	2.90648e-08	102		0.78
*	    2885	    3452	132.51233	3.07271e-08	137		0.88
*	     711	     809	132.59603	3.07271e-08	102		0.78
*	    2521	    2530	132.16082	3.24843e-08	139		0.88
*	     842	     977	132.21627	3.24843e-08	110		0.80
*	      53	     603	132.15557	3.24843e-08	145		0.89
*	     237	     259	132.28042	3.24843e-08	84		0.70
*	    3569	    3587	131.85525	3.4342e-08	126		0.85
*	    2505	    2544	131.90908	3.4342e-08	94		0.74
*	       9	    4228	131.57331	3.63058e-08	123		0.84
*	    4154	    4207	131.76535	3.63058e-08	120		0.83
*	    2090	    2148	131.35510	3.83818e-08	129		0.86
*	     755	     761	131.35601	3.83818e-08	112		0.81
*	    1055	    1071	130.87366	4.28963e-08	123		0.84
*	     846	     974	130.81223	4.28963e-08	144		0.89
*	    2870	    3464	130.72048	4.53487e-08	105		0.79
*	      96	     108	130.73380	4.53487e-08	86		0.71
*	    4168	    4192	130.08042	5.06817e-08	131		0.86
*	    3623	    3642	130.07313	5.06817e-08	103		0.78
*	    1002	    1087	129.77566	5.35787e-08	120		0.83
*	      25	     694	129.79732	5.35787e-08	123		0.84
*	    2425	    2718	129.69702	5.66411e-08	113		0.81
*	    2037	    2192	129.47347	5.66411e-08	110		0.80
*	    3571	    3585	129.10675	6.33004e-08	103		0.78
*	     541	     551	128.99370	6.33004e-08	103		0.78
*	    2456	    2486	128.71402	6.69179e-08	96		0.75
*	    1344	    1695	128.02265	7.90569e-08	87		0.71
*	     946	     960	127.85478	8.35737e-08	92		0.74
*	    1021	    1033	127.52995	8.83483e-08	146		0.90
*	       6	    4231	127.34366	9.33952e-08	170		0.94
*	    1919	    1941	126.24968	1.16632e-07	124		0.85
*	    2667	    2689	126.00688	1.23292e-07	106		0.79
*	    1981	    2231	125.96237	1.23292e-07	112		0.81
*	     179	     222	126.00968	1.23292e-07	129		0.86
*	    3977	    4004	125.65834	1.30333e-07	86		0.71
*	    3934	    3958	125.41033	1.37775e-07	134		0.87
*	     902	     942	125.53039	1.37775e-07	74		0.65
*	     736	     786	125.18480	1.45642e-07	140		0.88
*	     340	     354	125.06371	1.45642e-07	106		0.79
*	    1280	    1302	124.98754	1.53957e-07	140		0.88
*	    1753	    1801	124.29735	1.72036e-07	152		0.91
*	    1325	    1707	124.23297	1.72036e-07	93		0.74
*	     910	     934	124.19175	1.81856e-07	87		0.71
*	     408	     505	124.20762	1.81856e-07	143		0.89
*	    1752	    1802	123.91121	1.92236e-07	88		0.72
*	    1346	    1694	123.84362	1.92236e-07	63		0.58
*	    2493	    2706	123.52728	2.03208e-07	101		0.77
*	    1019	    1035	122.45809	2.53714e-07	92		0.74
*	     859	     884	122.56349	2.53714e-07	126		0.85
*	    1918	    1942	122.20673	2.6819e-07	170		0.94
*	      87	     120	122.13489	2.6819e-07	76		0.66
*	    3471	    3491	122.11061	2.8349e-07	106		0.79
*	     409	     504	121.89887	2.8349e-07	150		0.90
*	     631	     638	121.64177	2.99662e-07	94		0.74
*	    1771	    1785	121.48140	3.16755e-07	101		0.77
*	    4022	    4055	121.09755	3.34822e-07	72		0.64
*	     410	     503	120.89040	3.53918e-07	152		0.91
*	    1165	    1256	120.75471	3.74101e-07	115		0.82
*	     540	     552	120.02625	4.17982e-07	119		0.83
*	    3560	    3614	119.99779	4.41813e-07	82		0.69
*	    2331	    2351	119.56889	4.67002e-07	70		0.62
*	     426	     487	119.70671	4.67002e-07	111		0.81
*	    1206	    1220	119.24147	4.93624e-07	104		0.78
*	      48	     607	119.35182	4.93624e-07	108		0.80
*	     291	     317	119.45055	4.93624e-07	89		0.72
*	    1715	    1731	118.71479	5.51501e-07	63		0.58
*	    2293	    2754	118.62386	5.82934e-07	87		0.71
*	    2873	    3461	118.18575	6.16154e-07	148		0.90
*	    3408	    3417	118.30670	6.16154e-07	119		0.83
*	    1630	    1645	118.35756	6.16154e-07	88		0.72
*	    3986	    3992	118.14111	6.51266e-07	98		0.76
*	     911	     933	117.91403	6.51266e-07	90		0.73
*	      46	     609	117.38036	7.69047e-07	80		0.68
*	    4166	    4194	116.87981	8.12857e-07	74		0.65
*	    2664	    2692	116.97392	8.12857e-07	98		0.76
*	    2054	    2081	117.09267	8.12857e-07	77		0.66
*	     867	     875	116.90365	8.12857e-07	98		0.76
*	    1758	    1795	116.65302	8.59158e-07	154		0.91
*	    2807	    3907	116.36481	9.08093e-07	122		0.84
*	    3473	    3489	116.45793	9.08093e-07	138		0.88
*	     754	     762	116.43388	9.08093e-07	124		0.85
*	    2111	    2121	116.09514	9.59811e-07	93		0.74
*	    1423	    1629	116.33189	9.59811e-07	98		0.76
*	    2886	    3451	115.84441	1.01447e-06	136		0.88
*	    2087	    2150	115.82723	1.01447e-06	125		0.85
*	    1954	    1971	115.91544	1.01447e-06	77		0.66
~	    1907	    1972	156.48407	1.13184e-06	106		0.79
*	    1020	    1034	115.53096	1.13329e-06	113		0.81
*	    4159	    4200	115.22042	1.19781e-06	110		0.80
*	    1336	    1696	115.14614	1.19781e-06	81		0.68
*	    3531	    3549	114.97104	1.26599e-06	78		0.67
*	    3626	    3639	114.04824	1.4947e-06	111		0.81
*	     535	     557	114.22185	1.4947e-06	101		0.77
*	    2309	    2743	113.93852	1.57976e-06	99		0.76
*	    1383	    1656	113.80966	1.57976e-06	91		0.73
*	    3831	    3843	113.70679	1.66965e-06	90		0.73
*	    1139	    1152	113.55499	1.66965e-06	91		0.73
*	     847	     973	113.41800	1.76465e-06	130		0.86
*	    2900	    3446	113.11593	1.86504e-06	60		0.56
*	    1379	    1660	112.37896	2.20174e-06	105		0.79
*	    2810	    3904	112.00169	2.32696e-06	68		0.61
*	     733	     789	111.68913	2.45928e-06	143		0.89
*	     632	     637	111.85736	2.45928e-06	60		0.56
*	    1769	    1787	111.50416	2.59911e-06	97		0.76
*	    2901	    3445	111.16099	2.74688e-06	96		0.75
*	    2454	    2488	111.18143	2.74688e-06	95		0.75
*	    4169	    4191	110.46422	3.24242e-06	73		0.64
*	    2043	    2186	110.18259	3.42669e-06	136		0.88
*	    2303	    2748	109.90553	3.62141e-06	93		0.74
*	     745	     776	109.93758	3.62141e-06	90		0.73
*	    2772	    2800	109.57613	3.82718e-06	89		0.72
*	    1776	    1781	109.75751	3.82718e-06	109		0.80
*	    2882	    3454	109.26449	4.04461e-06	143		0.89
*	    2364	    2397	109.13803	4.27437e-06	143		0.89
*	     539	     553	109.18510	4.27437e-06	77		0.66
*	    3671	    3707	108.58130	4.77371e-06	78		0.67
*	     890	     895	108.64590	4.77371e-06	62		0.57
*	    1349	    1691	108.45763	5.04481e-06	54		0.52
*	    4150	    4212	108.07037	5.33126e-06	86		0.71
*	     380	     518	108.00992	5.33126e-06	130		0.86
*	     176	     225	108.05942	5.33126e-06	62		0.57
*	    4125	    4219	107.88265	5.63395e-06	65		0.59
*	    2512	    2539	107.43871	5.9538e-06	88		0.72
*	    1378	    1661	106.97665	6.64886e-06	96		0.75
*	    3472	    3490	106.47212	7.42489e-06	71		0.63
*	    2036	    2193	106.33899	7.84616e-06	56		0.53
*	    1403	    1417	105.85683	8.29129e-06	85		0.70
*	    2337	    2344	105.15851	9.78361e-06	110		0.80
*	    1759	    1794	105.28578	9.78361e-06	124		0.85
*	    2050	    2178	104.83195	1.03384e-05	95		0.75
*	    2105	    2127	104.54856	1.09245e-05	109		0.80
*	    1775	    1782	104.47283	1.15439e-05	127		0.85
*	    2056	    2079	104.13228	1.21982e-05	76		0.66
*	    1955	    1970	103.73756	1.28896e-05	54		0.52
*	    1007	    1082	103.53465	1.362e-05	77		0.66
*	      27	     692	103.41536	1.43917e-05	68		0.61
*	     293	     315	103.21277	1.43917e-05	85		0.70
*	    3810	    3819	102.96073	1.52071e-05	78		0.67
*	    3739	    3778	103.03586	1.52071e-05	58		0.55
*	    1133	    1743	102.87642	1.60685e-05	68		0.61
*	    1717	    1729	102.51352	1.69786e-05	136		0.88
*	     428	     485	102.22338	1.79402e-05	130		0.86
*	    2899	    3447	101.43765	2.11631e-05	67		0.61
*	    3808	    3821	101.05713	2.36265e-05	96		0.75
~	    3403	    3421	141.86186	2.43218e-05	134		0.87
*	    3625	    3640	100.80464	2.49634e-05	117		0.83
*	    2427	    2717	100.77128	2.49634e-05	50		0.49
*	    3570	    3586	100.44959	2.63757e-05	73		0.64
*	     709	     811	100.57194	2.63757e-05	129		0.86
*	    2307	    2745	99.95540	2.9444e-05	71		0.63
*	    1347	    1693	99.70829	3.11092e-05	84		0.70
*	    2088	    2149	99.38661	3.28682e-05	88		0.72
*	    1761	    1792	99.29713	3.28682e-05	44		0.44
*	    2668	    2688	99.18268	3.47265e-05	123		0.84
*	    1381	    1658	99.07147	3.47265e-05	133		0.87
*	    1925	    1933	98.77234	3.66895e-05	116		0.82
*	    1309	    1320	98.76629	3.66895e-05	51		0.50
*	    3681	    3700	98.29382	4.09536e-05	69		0.62
*	     734	     788	98.46645	4.09536e-05	109		0.80
*	    3650	    3655	97.46656	4.82938e-05	74		0.65
*	    2881	    3455	97.59397	4.82938e-05	141		0.89
*	    1327	    1705	97.55171	4.82938e-05	117		0.83
*	    1025	    1030	97.20265	5.10211e-05	78		0.67
*	     848	     972	97.39873	5.10211e-05	141		0.89
*	    2330	    2352	97.07792	5.3902e-05	66		0.60
*	    2498	    2551	96.72453	5.69451e-05	87		0.71
*	    3933	    3959	96.27980	6.35546e-05	133		0.87
*	    2112	    2120	96.34141	6.35546e-05	68		0.61
*	    1838	    1849	96.26562	6.35546e-05	55		0.53
*	    3935	    3957	96.06246	6.71408e-05	81		0.68
*	    3677	    3701	95.90304	6.71408e-05	32		0.33
*	    2871	    3463	96.11113	6.71408e-05	156		0.91
*	    1372	    1666	96.04891	6.71408e-05	72		0.64
*	    2429	    2715	95.64495	7.09288e-05	112		0.81
*	      24	     695	95.73294	7.09288e-05	66		0.60
*	      36	     683	95.73944	7.09288e-05	56		0.53
*	    1974	    2239	95.06332	7.91555e-05	48		0.47
*	    3800	    3850	95.04364	8.36189e-05	58		0.55
*	    1195	    1229	94.51514	9.33123e-05	107		0.79
*	      47	     608	94.20943	9.85711e-05	56		0.53
*	     751	     765	93.75120	0.000104125	95		0.75
*	    1864	    2266	93.67670	0.000109991	76		0.66
*	    2556	    2568	92.60446	0.000136937	66		0.60
*	    3932	    3960	92.33135	0.000144644	123		0.84
*	    3517	    3525	92.23674	0.000144644	72		0.64
*	    2357	    2407	92.15042	0.000152783	52		0.50
*	    2880	    3456	91.73109	0.000161378	139		0.88
*	    2467	    2473	91.75825	0.000161378	40		0.41
~	     581	    3693	132.87729	0.000170671	101		0.77
*	    1878	    1898	91.25014	0.000180041	90		0.73
*	    3873	    3887	90.86330	0.000190163	36		0.37
*	    1875	    1901	91.01428	0.000190163	70		0.62
*	     912	     932	90.89777	0.000190163	82		0.69
*	     834	    1813	89.60307	0.000249936	80		0.68
~	      70	     104	130.92338	0.00025189	102		0.78
*	    2502	    2549	89.45266	0.000263969	56		0.53
*	    1204	    1223	89.20978	0.000278787	44		0.44
*	    1198	    1227	88.83667	0.000294433	74		0.65
*	     572	     589	89.01224	0.000294433	58		0.55
*	    2828	    3899	88.64887	0.000310953	56		0.53
*	    2854	    3510	88.51972	0.000310953	65		0.59
*	    1011	    1044	88.73545	0.000310953	68		0.61
*	     994	    1110	88.23781	0.000328396	76		0.66
*	    1005	    1084	87.51891	0.000386788	117		0.83
*	     538	     554	87.65421	0.000386788	104		0.78
*	    1328	    1704	87.04414	0.000431348	40		0.41
*	     470	     480	86.94722	0.000431348	44		0.44
*	    3931	    3961	86.50584	0.000481014	54		0.52
*	    1917	    1943	86.11683	0.000536368	59		0.55
*	    1879	    1897	86.02845	0.000536368	50		0.49
*	    3532	    3548	85.68488	0.000566378	40		0.41
*	    2864	    3499	85.49275	0.000598058	87		0.71
*	    1855	    2288	85.47584	0.000598058	54		0.52
*	    1754	    1800	85.13151	0.0006315	90		0.73
*	    1350	    1690	85.07209	0.000666802	100		0.77
*	    1373	    1665	84.85783	0.000666802	99		0.76
*	     133	     140	84.97466	0.000666802	52		0.50
~	    3649	    3656	125.94692	0.000723983	82		0.69
*	    2808	    3906	84.53548	0.000743403	86		0.71
*	    2844	    3725	84.42368	0.000743403	63		0.58
*	    3573	    3583	84.23230	0.000784924	63		0.58
*	    1371	    1667	84.14392	0.000784924	56		0.53
*	     235	     261	84.05750	0.000784924	62		0.57
*	    2023	    2209	83.83756	0.000828751	142		0.89
*	    1287	    1297	83.92385	0.000828751	78		0.67
*	    2428	    2716	83.31041	0.000923836	126		0.85
*	     724	     800	83.07832	0.000975371	60		0.56
*	      90	     117	82.08596	0.00121169	44		0.44
*	     843	     976	81.73464	0.00127917	91		0.73
*	    2859	    3504	81.48565	0.00135039	73		0.64
*	    1022	    1032	81.40530	0.00135039	113		0.81
*	    2302	    2749	80.69515	0.00158852	119		0.83
*	     982	    1125	79.88216	0.00186833	64		0.59
*	    1050	    1076	79.75397	0.00197206	81		0.68
*	    3795	    3857	79.04300	0.002197	54		0.52
*	    2102	    2132	78.98868	0.00231884	107		0.79
*	    2888	    3449	78.58919	0.00244739	41		0.41
*	    2359	    2405	78.32792	0.002583	45		0.45
*	    1174	    1249	78.23652	0.00272606	117		0.83
*	     851	     969	78.00590	0.00272606	36		0.37
*	    3673	    3705	77.88058	0.00287699	115		0.82
*	    1278	    1303	77.77750	0.00287699	46		0.46
*	    2432	    2711	77.45906	0.00320413	67		0.61
*	      29	     690	77.37640	0.00320413	52		0.50
*	    1351	    1689	77.08633	0.00338127	76		0.66
*	    1854	    2289	76.64407	0.0037652	58		0.55
*	    1393	    1650	76.34463	0.00397306	44		0.44
*	    3594	    3602	75.42692	0.00466731	73		0.64
*	    1193	    1231	75.50614	0.00466731	68		0.61
*	     909	     935	75.24592	0.00492444	109		0.80
*	     411	     502	75.23687	0.00492444	70		0.62
*	    2842	    3726	74.85591	0.00519559	85		0.70
*	    3872	    3888	74.70815	0.00548151	38		0.39
*	    2040	    2189	74.61785	0.00548151	111		0.81
*	    1194	    1230	74.82803	0.00548151	72		0.64
*	      21	     699	74.74283	0.00548151	94		0.74
*	    4129	    4143	74.51751	0.00578299	61		0.57
*	    3919	    4072	73.89670	0.00643602	59		0.55
*	    2358	    2406	73.89784	0.00643602	44		0.44
~	    2889	    3414	115.36842	0.00665474	110		0.80
*	    2296	    2751	73.29806	0.0071619	91		0.73
*	     992	    1112	72.43302	0.00886497	71		0.63
*	      54	     602	72.36992	0.00886497	43		0.43
*	    4158	    4201	71.80904	0.00986076	28		0.29
*	    3792	    3862	71.74054	0.00986076	44		0.44
*	    1008	    1081	71.45373	0.0103993	23		0.24
~	    3411	    3414	113.17520	0.0109517	114		0.82
~	    2889	    3411	113.17520	0.0109517	114		0.82
*	    2455	    2487	71.17526	0.0109668	102		0.78
*	     844	     975	71.07526	0.0115648	123		0.84
*	    1169	    1254	70.70072	0.0121949	31		0.32
*	    1199	    1226	70.61751	0.0128589	122		0.84
*	    2520	    2531	70.27181	0.0135584	80		0.68
*	    1772	    1784	70.33857	0.0135584	30		0.31
*	     177	     224	70.28736	0.0135584	56		0.53
*	    1324	    1708	70.09394	0.0142954	50		0.49
*	    1160	    1265	69.40218	0.0158897	100		0.77
*	    3937	    3955	69.25108	0.0167511	114		0.82
*	    2162	    2170	69.14369	0.0167511	46		0.46
*	     708	     812	68.81974	0.0176585	73		0.64
*	    3979	    4002	68.76058	0.018614	28		0.29
*	    3516	    3526	68.06594	0.02068	70		0.62
*	    1774	    1783	68.08819	0.02068	39		0.40
*	    2879	    3457	68.00272	0.0217958	109		0.80
~	     580	    3694	109.74444	0.0224735	124		0.85
*	    2092	    2147	67.37737	0.0242073	101		0.77
*	    4157	    4202	67.19556	0.0255091	68		0.61
*	    3796	    3854	67.18901	0.0255091	48		0.47
*	    2338	    2343	67.16621	0.0255091	48		0.47
*	    2813	    3901	66.75471	0.0268794	125		0.85
*	    1635	    1642	66.87895	0.0268794	34		0.35
*	    1910	    2241	66.47802	0.0283217	73		0.64
~	    2658	    2689	107.73736	0.033083	113		0.81
~	    2658	    2667	107.73736	0.033083	113		0.81
*	    2046	    2182	65.81954	0.033117	113		0.81
*	    1377	    1662	65.85564	0.033117	57		0.54
*	    3622	    3643	65.45970	0.0348849	116		0.82
*	    1052	    1074	64.94657	0.0387008	34		0.35
*	    2907	    3428	64.69962	0.040758	67		0.61
*	    2053	    2082	64.67704	0.040758	73		0.64

# The given structure
# SS_cons :::::{{{{,,,,,,,,,,{{-{{{{{{{{-----{{{,,,{{{{{{{{---{{,,,,,,
#
# SS_cons ,((((<<<________>>>,,,,,,<<<<<<---<<<_________>>>------>>>>>
#
# SS_cons >,,,)))),,,<<<____>>>,,,,,,,,,,,,,,,,,,,,,,,,,,,,,,,,,<<<<<_
#
# SS_cons _________________________________________>>>>>,,,,,,<<<<<<--
#
# SS_cons ---<<____>>------>>>>>->,,,,,,,,,<<_________>>,,,<<<<<------
#
# SS_cons <<_____>>---->>>>>,,,[[[[,,,,<<<-------<<<<_______>>>>------
#
# SS_cons ---->>>,,,,,,,,,,,,((((------------------------((((---------
#
# SS_cons -----(((,,,<--<-<<-<__________>>>->--->,,,<___>,<<<_______>>
#
# SS_cons >,,,)))--------------))))--------)-))),,,,,,,,,,,,,,,,<<<<<<
#
# SS_cons <_________>>>>>>>,,,,,,,,,,,,,,<<<<<________>>>>>,,]]]],,,,,
#
# SS_cons ,}}--}}}}}}-}},,,,,,,,,,,,,,,,<<____>>,,,,}}----------------
#
# SS_cons ----------------------}-----}}}}}}}}--}},,,,,,,<<<<-<<<<<<--
#
# SS_cons --<<--------<<<<<<<-----<-----<<<<<_____>>>>>---------->----
#
# SS_cons ->>->>>>>---------->>->>>>>>>>>>,,<<<<________>>>>{{{{{{,,,,
#
# SS_cons ((((-(((((((((,,,<<<<--<<<<_______>>>>--->>>>,,,<<____>>,,,,
#
# SS_cons ,<<<<---<<<<___________________>>>>--->>>>,,,<<<<_______>>>>
#
# SS_cons ,,,,,))))))))))))),,[[-[---[[[-[[[,,,((((((((((((,<<<<---<<<
#
# SS_cons <<<-<____>>>>>>>---->>>>,,,,,<<<<-<<-<<________>>>>->>>>,,)-
#
# SS_cons ))))))))))),<<<_____>>>,,,,,,]]]]]]-------]-]],,[[[[[[,,,,<<
#
# SS_cons <<<____>>>>>,<<<<<<<---<<<--<<<<<<<<----<<<-----<<<<<<<-<<<-
#
# SS_cons ---<<<<<<_______>>>>>->-->>>>>>>>>>--->>->---->>>>>>>>>>>---
#
# SS_cons ---->>>>>>-->,,,<<-<-<<<<-<<_______>>>>>>>>>,,,,<<<______>>>
#
# SS_cons ,,,(((((((---(((-------(-((((((-------------------(((-((((((
#
# SS_cons ((((-------(((((,<<<--<<<_________>>>-->>><_________________
#
# SS_cons ____________________________________________________________
#
# SS_cons ____________________________________________________________
#
# SS_cons ____________________________________________________________
#
# SS_cons ________><---<<______>>->,)))))---)))))))))))))-------------
#
# SS_cons --------))))))))))---)))))))<<-<-<<<<___________>>>>>-->>,,,
#
# SS_cons ,]]]-]]-]<-<<<<<<<<<<------<<<<<-<<<____>>>>>>>>--->>>>>>->>
#
# SS_cons >>-->,,,,,}}}}}},,,,,,,,,,,,,,,,,<<<<<<________>>>>>>{{{{,,,
#
# SS_cons ,,{{{{,,,{{,,,<<<<<<----<<______>>->>>>>>,,,,,,[[[,<<---<<<<
#
# SS_cons <<<<<_______>>>-->>>>>>----->>,,,<<<<<________>>>>>,,((-((((
#
# SS_cons ((----------------------------------------(((---------((((((
#
# SS_cons (((--(((((,<<<<<<____________________>>>>>>,,,<<-<-<-------<
#
# SS_cons -<<<<<<<<-<<<_____>>>->>>>>>>-->>------------->>>>,,,,,,,,,,
#
# SS_cons ,<_______>,,,,,,,)))))---)))))))))------------)))-----------
#
# SS_cons ---------)))))))--),]]],,}},,,,,<<______>>,}}}},<<<<_______>
#
# SS_cons >>->,}}}},,,{{{{-----{{{{-{{{{-{{{,,,,,,,,,,,,,,<<<<<---<<__
#
# SS_cons __>>---->>>>><<<<<<<--<<________________________________>>--
#
# SS_cons --->>>>>>><___>,,,,,,,[[[-[[[[[[,,<<<_________>>>,,,<<<<<<<<
#
# SS_cons <--<<<<_____>>>>-->-->>>>>>>>,,((((,<<<--<<<<<<<--<<<----<<<
#
# SS_cons <<______>>>>>---->>>>>>>>-->>>>><<<<<<_______>>>>>><________
#
# SS_cons ___________________________________________________>,,,,,,,,
#
# SS_cons ,,,,,,,,,,,,,,,,,,,,,,<<<<<<___________________>>>>>>,,,,,,,
#
# SS_cons ,,,)))),,,]]-]]]]]]],,,,,,,,,,,,,,,,,}}}-}}}}}}}}-}}}},,,,,,
#
# SS_cons ,,,,,,,,<<<<<_________________________>>>>>,,{{{{{{{{-------
#
# SS_cons ------{{{-{{,,,,,,{{{{-{{{{{{{,((((---(((((((,,<<<<<<-<<-<<<
#
# SS_cons <<-<<<<<---------<<<<<--<<<---------------------------------
#
# SS_cons ------------------------------------------------------------
#
# SS_cons ------------------------------------------------------------
#
# SS_cons ------------------------------------------------------------
#
# SS_cons ------------------------------------------------------------
#
# SS_cons ------------------------------------------------------------
#
# SS_cons ------------------------------------------------------------
#
# SS_cons ------------------------------------------------------------
#
# SS_cons --------------------------------------------<<<<<______>>>>>
#
# SS_cons ------->>>------------->>>>>>>>>>>>>>>>>>>>>>>,,,<<<<_______
#
# SS_cons ________>>>>,,,,,)))))))----)))),,<<<<_____>>>-><<<<<<______
#
# SS_cons _____>>>>>>,,[[,,,,((((((<<-<<<<<<_______>>>>>>--->><<______
#
# SS_cons _>>,,,,,)))))),,,,<<<<<<<<<__________>>>>>>>>>,<-<____>->,]]
#
# SS_cons ,,,,,,,,,,<<<<<-<---<<<<____________>>>>>>->>>>,,,,,,,,,}}}}
#
# SS_cons }--}}}}}},,,,,,,,<<<-<<<<<<<<---<<_______>>--->>>>>>>-->>>>,
#
# SS_cons ,,,,,,,,,(((((((((((,,<<--<<<<<______>>>>>---->>,<<<<<_____>
#
# SS_cons >>>>,,,,,)))))--)--))))-),,,,,<<<<<<<____>>>->>>>,,,,}}--}}}
#
# SS_cons }}}}}}}},,,,,,((((((((--((((,,<<<<<<<<_______________>>>>>>>
#
# SS_cons ><<<<<---<<<----<<<<<<<<<<_____>>>>>--->>>>>---->>>->>>>>,,,
#
# SS_cons <<<-----<<<<<___________>>>>>---->>>,))))-------)))))))),,,,
#
# SS_cons ,,,,,,,,,,,,,,,,,,,,,,,,,,,,,,,,,,,,,,,,,,,((((<<<<<_______>
#
# SS_cons >>>>,,,,<<<<<<<<<<<--<--<<<<<--<______________>--->>>>>>--->
#
# SS_cons >>-->>>>>->>>,,,)))),,,,,,,}}}}:::::
#

# The given structure

# Power analysis of given structure 
#
# covary  left_pos      right_pos    substitutions      power
#----------------------------------------------------------------
     *    6		4231		170		0.94
     *    7		4230		157		0.92
     *    8		4229		166		0.93
     *    9		4228		123		0.84
          20		700		118		0.83
     *    21		699		94		0.74
          23		696		18		0.18
     *    24		695		66		0.60
     *    25		694		123		0.84
     *    26		693		161		0.92
     *    27		692		68		0.61
     *    28		691		118		0.83
     *    29		690		52		0.50
          30		689		41		0.41
     *    36		683		56		0.53
          37		644		22		0.23
          38		643		41		0.41
          42		614		0		0.00
          43		613		0		0.00
          44		611		51		0.50
          45		610		1		0.00
     *    46		609		80		0.68
     *    47		608		56		0.53
     *    48		607		108		0.80
          49		606		32		0.33
     *    53		603		145		0.89
     *    54		602		43		0.43
          62		128		51		0.50
          63		127		4		0.00
          64		126		2		0.00
     *    65		125		124		0.85
          66		79		2		0.00
          67		78		0		0.00
          68		77		21		0.21
          86		121		4		0.00
     *    87		120		76		0.66
     *    88		119		106		0.79
     *    89		118		142		0.89
     *    90		117		44		0.44
          91		116		0		0.00
          95		109		16		0.16
     *    96		108		86		0.71
          97		107		83		0.69
          132		141		71		0.63
     *    133		140		52		0.50
          134		139		3		0.00
     *    175		226		128		0.86
     *    176		225		62		0.57
     *    177		224		56		0.53
     *    178		223		97		0.76
     *    179		222		129		0.86
          233		264		10		0.08
     *    234		262		116		0.82
     *    235		261		62		0.57
     *    236		260		137		0.88
     *    237		259		84		0.70
     *    238		258		109		0.80
          244		251		2		0.00
          245		250		0		0.00
     *    274		286		132		0.87
          275		285		4		0.00
     *    290		318		150		0.90
     *    291		317		89		0.72
          292		316		12		0.11
     *    293		315		85		0.70
          294		314		77		0.66
          301		309		93		0.74
     *    302		308		149		0.90
          322		595		0		0.00
          323		594		20		0.20
     *    324		593		125		0.85
     *    325		592		119		0.83
          330		367		0		0.00
          331		366		52		0.50
          332		365		36		0.37
     *    340		354		106		0.79
     *    341		353		120		0.83
     *    342		352		107		0.79
     *    343		351		98		0.76
     *    380		518		130		0.86
     *    381		517		168		0.93
     *    382		516		164		0.93
     *    383		514		142		0.89
     *    408		505		143		0.89
     *    409		504		150		0.90
     *    410		503		152		0.91
     *    411		502		70		0.62
     *    426		487		111		0.81
     *    427		486		129		0.86
     *    428		485		130		0.86
     *    432		459		113		0.81
     *    435		455		148		0.90
     *    437		453		138		0.88
     *    438		452		154		0.91
          440		451		24		0.25
          463		467		56		0.53
          469		481		22		0.23
     *    470		480		44		0.44
          471		479		1		0.00
     *    535		557		101		0.77
          536		556		23		0.24
     *    537		555		108		0.80
     *    538		554		104		0.78
     *    539		553		77		0.66
     *    540		552		119		0.83
     *    541		551		103		0.78
     *    572		589		58		0.55
          573		588		4		0.00
          574		587		66		0.60
     *    575		586		137		0.88
          576		585		6		0.03
     *    631		638		94		0.74
     *    632		637		60		0.56
     *    708		812		73		0.64
     *    709		811		129		0.86
     *    710		810		124		0.85
     *    711		809		102		0.78
     *    713		808		145		0.89
          714		807		74		0.65
          715		806		0		0.00
          716		805		0		0.00
     *    717		804		139		0.88
          718		803		88		0.72
          723		801		22		0.23
     *    724		800		60		0.56
     *    733		789		143		0.89
     *    734		788		109		0.80
     *    735		787		127		0.85
     *    736		786		140		0.88
     *    737		785		145		0.89
     *    738		783		109		0.80
          739		782		105		0.79
     *    745		776		90		0.73
     *    751		765		95		0.75
     *    752		764		108		0.80
     *    753		763		110		0.80
     *    754		762		124		0.85
     *    755		761		112		0.81
          815		830		87		0.71
          816		829		0		0.00
          817		828		12		0.11
          818		827		0		0.00
          831		1816		75		0.65
          832		1815		28		0.29
          833		1814		4		0.00
     *    834		1813		80		0.68
          835		1812		20		0.20
          836		1811		32		0.33
     *    841		978		124		0.85
     *    842		977		110		0.80
     *    843		976		91		0.73
     *    844		975		123		0.84
     *    846		974		144		0.89
     *    847		973		130		0.86
     *    848		972		141		0.89
     *    849		971		174		0.94
     *    850		970		138		0.88
     *    851		969		36		0.37
          852		968		0		0.00
          853		967		12		0.11
          854		966		2		0.00
          858		885		0		0.00
     *    859		884		126		0.85
          860		883		66		0.60
          861		882		1		0.00
     *    864		878		120		0.83
     *    865		877		134		0.87
     *    866		876		91		0.73
     *    867		875		98		0.76
          889		896		0		0.00
     *    890		895		62		0.57
     *    902		942		74		0.65
     *    903		941		126		0.85
     *    904		940		84		0.70
          905		939		33		0.34
     *    909		935		109		0.80
     *    910		934		87		0.71
     *    911		933		90		0.73
     *    912		932		82		0.69
     *    946		960		92		0.74
          947		959		13		0.12
          948		958		2		0.00
     *    949		957		130		0.86
          981		1126		2		0.00
     *    982		1125		64		0.59
          984		1123		0		0.00
          988		1115		0		0.00
          989		1114		2		0.00
     *    990		1113		81		0.68
     *    992		1112		71		0.63
     *    993		1111		122		0.84
     *    994		1110		76		0.66
          998		1091		0		0.00
          999		1090		18		0.18
          1000		1089		22		0.23
     *    1001		1088		133		0.87
     *    1002		1087		120		0.83
          1003		1086		0		0.00
     *    1004		1085		115		0.82
     *    1005		1084		117		0.83
          1006		1083		38		0.39
     *    1007		1082		77		0.66
     *    1008		1081		23		0.24
          1009		1079		34		0.35
     *    1011		1044		68		0.61
          1012		1043		18		0.18
     *    1013		1042		150		0.90
          1014		1041		38		0.39
          1018		1036		1		0.00
     *    1019		1035		92		0.74
     *    1020		1034		113		0.81
     *    1021		1033		146		0.90
     *    1022		1032		113		0.81
     *    1023		1031		129		0.86
     *    1025		1030		78		0.67
     *    1050		1076		81		0.68
     *    1051		1075		121		0.84
     *    1052		1074		34		0.35
          1053		1073		46		0.46
     *    1055		1071		123		0.84
     *    1056		1070		137		0.88
          1058		1069		5		0.01
     *    1059		1068		95		0.75
          1093		1103		45		0.45
          1094		1102		16		0.16
          1095		1101		85		0.70
          1129		1749		0		0.00
          1130		1747		2		0.00
     *    1131		1746		119		0.83
     *    1132		1744		141		0.89
     *    1133		1743		68		0.61
          1134		1742		6		0.03
     *    1139		1152		91		0.73
     *    1140		1151		114		0.82
     *    1141		1150		129		0.86
     *    1142		1149		123		0.84
          1143		1148		40		0.41
          1154		1273		22		0.23
          1155		1270		16		0.16
          1156		1269		49		0.48
     *    1157		1268		149		0.90
     *    1158		1267		174		0.94
     *    1159		1266		109		0.80
     *    1160		1265		100		0.77
          1164		1257		51		0.50
     *    1165		1256		115		0.82
          1166		1255		69		0.62
     *    1169		1254		31		0.32
     *    1170		1253		152		0.91
     *    1171		1252		119		0.83
     *    1172		1251		148		0.90
          1173		1250		78		0.67
     *    1174		1249		117		0.83
          1175		1248		76		0.66
     *    1176		1247		121		0.84
          1181		1242		8		0.05
          1182		1240		4		0.00
          1183		1239		0		0.00
          1189		1235		20		0.20
          1190		1234		4		0.00
          1191		1233		44		0.44
          1192		1232		92		0.74
     *    1193		1231		68		0.61
     *    1194		1230		72		0.64
     *    1195		1229		107		0.79
     *    1197		1228		134		0.87
     *    1198		1227		74		0.65
     *    1199		1226		122		0.84
     *    1204		1223		44		0.44
          1205		1221		107		0.79
     *    1206		1220		104		0.78
     *    1207		1219		96		0.75
     *    1208		1218		145		0.89
     *    1209		1217		122		0.84
          1277		1304		13		0.12
     *    1278		1303		46		0.46
     *    1280		1302		140		0.88
     *    1282		1301		144		0.89
     *    1283		1300		138		0.88
     *    1284		1299		154		0.91
     *    1285		1298		103		0.78
     *    1287		1297		78		0.67
          1288		1296		62		0.57
     *    1309		1320		51		0.50
          1310		1319		27		0.28
          1311		1318		5		0.01
     *    1324		1708		50		0.49
     *    1325		1707		93		0.74
     *    1326		1706		142		0.89
     *    1327		1705		117		0.83
     *    1328		1704		40		0.41
          1329		1703		2		0.00
          1330		1702		0		0.00
          1334		1698		31		0.32
          1335		1697		0		0.00
     *    1336		1696		81		0.68
     *    1344		1695		87		0.71
     *    1346		1694		63		0.58
     *    1347		1693		84		0.70
     *    1348		1692		129		0.86
     *    1349		1691		54		0.52
     *    1350		1690		100		0.77
     *    1351		1689		76		0.66
     *    1371		1667		56		0.53
     *    1372		1666		72		0.64
     *    1373		1665		99		0.76
          1375		1664		8		0.05
          1376		1663		10		0.08
     *    1377		1662		57		0.54
     *    1378		1661		96		0.75
     *    1379		1660		105		0.79
     *    1380		1659		152		0.91
     *    1381		1658		133		0.87
          1382		1657		86		0.71
     *    1383		1656		91		0.73
          1384		1655		0		0.00
          1392		1651		89		0.72
     *    1393		1650		44		0.44
     *    1394		1649		131		0.86
          1395		1648		27		0.28
          1396		1647		1		0.00
          1398		1422		17		0.17
          1399		1421		16		0.16
          1400		1420		2		0.00
     *    1403		1417		85		0.70
          1404		1416		0		0.00
          1405		1415		2		0.00
     *    1423		1629		98		0.76
     *    1630		1645		88		0.72
          1634		1643		26		0.27
     *    1635		1642		34		0.35
     *    1709		1737		140		0.88
     *    1710		1736		124		0.85
     *    1712		1733		75		0.65
     *    1714		1732		116		0.82
     *    1715		1731		63		0.58
     *    1716		1730		143		0.89
     *    1717		1729		136		0.88
          1750		1805		0		0.00
     *    1752		1802		88		0.72
     *    1753		1801		152		0.91
     *    1754		1800		90		0.73
     *    1755		1799		133		0.87
          1756		1797		75		0.65
     *    1757		1796		165		0.93
     *    1758		1795		154		0.91
     *    1759		1794		124		0.85
          1760		1793		0		0.00
     *    1761		1792		44		0.44
          1768		1788		0		0.00
     *    1769		1787		97		0.76
     *    1770		1786		148		0.90
     *    1771		1785		101		0.77
     *    1772		1784		30		0.31
     *    1774		1783		39		0.40
     *    1775		1782		127		0.85
     *    1776		1781		109		0.80
          1834		1853		22		0.23
     *    1835		1852		136		0.88
     *    1836		1851		149		0.90
     *    1837		1850		100		0.77
     *    1838		1849		55		0.53
          1839		1848		1		0.00
     *    1854		2289		58		0.55
     *    1855		2288		54		0.52
          1856		2287		2		0.00
          1857		2286		0		0.00
          1863		2267		5		0.01
     *    1864		2266		76		0.66
          1865		2265		19		0.19
          1866		2264		25		0.26
          1870		2247		5		0.01
          1871		2246		0		0.00
     *    1875		1901		70		0.62
          1876		1900		2		0.00
     *    1877		1899		95		0.75
     *    1878		1898		90		0.73
     *    1879		1897		50		0.49
          1880		1896		12		0.11
          1885		1894		66		0.60
          1886		1893		4		0.00
          1908		2243		0		0.00
          1909		2242		0		0.00
     *    1910		2241		73		0.64
          1912		1950		0		0.00
          1913		1949		0		0.00
     *    1917		1943		59		0.55
     *    1918		1942		170		0.94
     *    1919		1941		124		0.85
     *    1920		1940		148		0.90
     *    1921		1939		147		0.90
     *    1922		1938		140		0.88
          1923		1935		108		0.80
          1924		1934		50		0.49
     *    1925		1933		116		0.82
     *    1954		1971		77		0.66
     *    1955		1970		54		0.52
     *    1956		1969		163		0.93
          1957		1968		16		0.16
          1958		1967		2		0.00
     *    1974		2239		48		0.47
     *    1975		2236		133		0.87
     *    1977		2235		124		0.85
     *    1978		2234		156		0.91
     *    1979		2233		159		0.92
     *    1980		2232		154		0.91
     *    1981		2231		112		0.81
     *    1982		2230		125		0.85
     *    2023		2209		142		0.89
     *    2024		2208		102		0.78
          2025		2207		89		0.72
          2035		2194		52		0.50
     *    2036		2193		56		0.53
     *    2037		2192		110		0.80
          2038		2191		3		0.00
          2039		2190		65		0.59
     *    2040		2189		111		0.81
          2041		2188		39		0.40
          2042		2187		8		0.05
     *    2043		2186		136		0.88
     *    2046		2182		113		0.81
          2047		2181		90		0.73
     *    2048		2180		137		0.88
     *    2049		2179		164		0.93
     *    2050		2178		95		0.75
          2052		2083		94		0.74
     *    2053		2082		73		0.64
     *    2054		2081		77		0.66
     *    2055		2080		118		0.83
     *    2056		2079		76		0.66
     *    2057		2078		108		0.80
     *    2087		2150		125		0.85
     *    2088		2149		88		0.72
     *    2090		2148		129		0.86
     *    2092		2147		101		0.77
     *    2100		2133		136		0.88
     *    2102		2132		107		0.79
     *    2103		2129		117		0.83
     *    2104		2128		117		0.83
     *    2105		2127		109		0.80
          2106		2126		11		0.09
          2107		2125		0		0.00
          2108		2124		2		0.00
          2109		2123		52		0.50
     *    2111		2121		93		0.74
     *    2112		2120		68		0.61
          2113		2119		36		0.37
     *    2162		2170		46		0.46
          2253		2262		0		0.00
          2254		2261		27		0.28
          2269		2284		13		0.12
          2270		2282		112		0.81
          2271		2281		7		0.04
     *    2272		2280		128		0.86
     *    2293		2754		87		0.71
          2294		2753		23		0.24
          2295		2752		12		0.11
     *    2296		2751		91		0.73
     *    2302		2749		119		0.83
     *    2303		2748		93		0.74
     *    2304		2747		139		0.88
     *    2305		2746		111		0.81
     *    2307		2745		71		0.63
     *    2308		2744		131		0.86
     *    2309		2743		99		0.76
     *    2310		2742		138		0.88
          2312		2740		1		0.00
          2313		2739		0		0.00
          2314		2738		0		0.00
          2329		2353		1		0.00
     *    2330		2352		66		0.60
     *    2331		2351		70		0.62
          2332		2350		3		0.00
          2333		2349		23		0.24
     *    2337		2344		110		0.80
     *    2338		2343		48		0.47
          2354		2410		8		0.05
          2355		2409		2		0.00
          2356		2408		0		0.00
     *    2357		2407		52		0.50
     *    2358		2406		44		0.44
     *    2359		2405		45		0.45
     *    2360		2404		148		0.90
     *    2363		2398		150		0.90
     *    2364		2397		143		0.89
          2411		2415		21		0.21
          2423		2720		42		0.42
          2424		2719		43		0.43
     *    2425		2718		113		0.81
     *    2427		2717		50		0.49
     *    2428		2716		126		0.85
     *    2429		2715		112		0.81
          2430		2714		16		0.16
          2431		2712		50		0.49
     *    2432		2711		67		0.61
          2435		2449		1		0.00
          2436		2448		2		0.00
          2437		2447		1		0.00
          2453		2489		40		0.41
     *    2454		2488		95		0.75
     *    2455		2487		102		0.78
     *    2456		2486		96		0.75
     *    2457		2485		136		0.88
          2458		2484		66		0.60
     *    2459		2483		144		0.89
          2460		2482		38		0.39
          2461		2479		0		0.00
          2464		2476		95		0.75
     *    2465		2475		120		0.83
          2466		2474		15		0.14
     *    2467		2473		40		0.41
          2492		2707		101		0.77
     *    2493		2706		101		0.77
          2494		2705		4		0.00
          2495		2704		12		0.11
          2497		2552		0		0.00
     *    2498		2551		87		0.71
          2499		2550		22		0.23
     *    2502		2549		56		0.53
          2503		2548		6		0.03
          2504		2545		4		0.00
     *    2505		2544		94		0.74
     *    2506		2543		135		0.87
          2507		2542		38		0.39
          2508		2541		0		0.00
     *    2511		2540		100		0.77
     *    2512		2539		88		0.72
          2513		2538		1		0.00
          2518		2533		111		0.81
          2519		2532		67		0.61
     *    2520		2531		80		0.68
     *    2521		2530		139		0.88
     *    2522		2529		96		0.75
          2553		2571		0		0.00
          2554		2570		0		0.00
          2555		2569		4		0.00
     *    2556		2568		66		0.60
          2557		2567		0		0.00
          2558		2566		0		0.00
          2572		2632		0		0.00
          2663		2693		2		0.00
     *    2664		2692		98		0.76
          2665		2691		0		0.00
          2666		2690		15		0.14
     *    2667		2689		106		0.79
     *    2668		2688		123		0.84
     *    2769		2803		150		0.90
          2770		2802		54		0.52
     *    2771		2801		124		0.85
     *    2772		2800		89		0.72
          2773		2799		0		0.00
          2806		3908		10		0.08
     *    2807		3907		122		0.84
     *    2808		3906		86		0.71
          2809		3905		0		0.00
     *    2810		3904		68		0.61
     *    2811		3903		113		0.81
     *    2812		3902		149		0.90
     *    2813		3901		125		0.85
          2827		3900		50		0.49
     *    2828		3899		56		0.53
          2829		3898		104		0.78
          2831		3895		9		0.07
     *    2832		3894		117		0.83
          2839		3729		2		0.00
          2840		3728		2		0.00
          2841		3727		103		0.78
     *    2842		3726		85		0.70
     *    2844		3725		63		0.58
          2845		3724		14		0.13
          2846		3721		0		0.00
          2847		3720		57		0.54
          2848		3719		32		0.33
          2849		3718		0		0.00
          2850		3717		0		0.00
          2852		3512		0		0.00
          2853		3511		0		0.00
     *    2854		3510		65		0.59
          2855		3509		3		0.00
     *    2859		3504		73		0.64
          2860		3503		16		0.16
          2861		3502		24		0.25
          2862		3501		47		0.46
          2863		3500		111		0.81
     *    2864		3499		87		0.71
          2865		3498		24		0.25
          2868		3466		4		0.00
     *    2869		3465		173		0.94
     *    2870		3464		105		0.79
     *    2871		3463		156		0.91
          2872		3462		90		0.73
     *    2873		3461		148		0.90
          2875		3460		103		0.78
          2876		3459		72		0.64
          2878		3458		66		0.60
     *    2879		3457		109		0.80
     *    2880		3456		139		0.88
     *    2881		3455		141		0.89
     *    2882		3454		143		0.89
     *    2884		3453		163		0.93
     *    2885		3452		137		0.88
     *    2886		3451		136		0.88
          2887		3450		65		0.59
     *    2888		3449		41		0.41
          2898		3448		43		0.43
     *    2899		3447		67		0.61
     *    2900		3446		60		0.56
     *    2901		3445		96		0.75
          2902		3444		0		0.00
          2905		3430		14		0.13
     *    2906		3429		138		0.88
     *    2907		3428		67		0.61
     *    3405		3420		149		0.90
     *    3406		3419		177		0.94
     *    3407		3418		165		0.93
     *    3408		3417		119		0.83
          3409		3416		39		0.40
          3470		3492		5		0.01
     *    3471		3491		106		0.79
     *    3472		3490		71		0.63
     *    3473		3489		138		0.88
          3515		3528		11		0.09
     *    3516		3526		70		0.62
     *    3517		3525		72		0.64
          3518		3524		0		0.00
     *    3529		3551		126		0.85
          3530		3550		20		0.20
     *    3531		3549		78		0.67
     *    3532		3548		40		0.41
     *    3533		3547		113		0.81
          3534		3546		109		0.80
          3554		3660		34		0.35
          3555		3659		0		0.00
     *    3560		3614		82		0.69
          3561		3613		16		0.16
     *    3562		3612		98		0.76
     *    3563		3611		114		0.82
     *    3564		3610		112		0.81
          3565		3609		19		0.19
          3566		3592		0		0.00
          3567		3591		12		0.11
     *    3569		3587		126		0.85
     *    3570		3586		73		0.64
     *    3571		3585		103		0.78
          3572		3584		8		0.05
     *    3573		3583		63		0.58
          3574		3582		71		0.63
          3593		3603		4		0.00
     *    3594		3602		73		0.64
          3619		3646		10		0.08
     *    3620		3645		126		0.85
     *    3621		3644		103		0.78
     *    3622		3643		116		0.82
     *    3623		3642		103		0.78
     *    3624		3641		113		0.81
     *    3625		3640		117		0.83
     *    3626		3639		111		0.81
          3627		3638		105		0.79
     *    3648		3657		124		0.85
     *    3650		3655		74		0.65
     *    3671		3707		78		0.67
     *    3672		3706		146		0.90
     *    3673		3705		115		0.82
     *    3674		3704		138		0.88
     *    3675		3702		150		0.90
     *    3677		3701		32		0.33
     *    3681		3700		69		0.62
          3682		3699		20		0.20
          3683		3698		58		0.55
     *    3684		3697		114		0.82
          3738		3779		49		0.48
     *    3739		3778		58		0.55
          3740		3777		1		0.00
          3742		3776		0		0.00
          3743		3773		1		0.00
          3744		3772		30		0.31
     *    3745		3771		98		0.76
          3746		3770		28		0.29
     *    3747		3769		128		0.86
          3748		3768		51		0.50
          3749		3767		2		0.00
          3753		3763		3		0.00
          3754		3762		0		0.00
          3790		3865		10		0.08
          3791		3863		0		0.00
     *    3792		3862		44		0.44
          3793		3861		51		0.50
          3794		3860		1		0.00
     *    3795		3857		54		0.52
     *    3796		3854		48		0.47
          3797		3853		43		0.43
          3798		3852		85		0.70
          3799		3851		8		0.05
     *    3800		3850		58		0.55
          3803		3828		0		0.00
          3804		3827		2		0.00
          3807		3822		46		0.46
     *    3808		3821		96		0.75
     *    3809		3820		136		0.88
     *    3810		3819		78		0.67
          3811		3818		1		0.00
          3830		3844		29		0.30
     *    3831		3843		90		0.73
          3832		3842		2		0.00
          3833		3841		2		0.00
          3834		3840		76		0.66
          3871		3889		54		0.52
     *    3872		3888		38		0.39
     *    3873		3887		36		0.37
          3874		3886		0		0.00
          3875		3884		0		0.00
          3876		3883		7		0.04
          3877		3882		1		0.00
          3915		4076		139		0.88
          3916		4075		16		0.16
     *    3917		4074		148		0.90
     *    3918		4073		132		0.87
     *    3919		4072		59		0.55
     *    3920		4071		113		0.81
          3921		4070		44		0.44
          3922		4069		2		0.00
          3925		4061		117		0.83
          3926		4060		34		0.35
          3927		4059		22		0.23
          3928		4058		83		0.69
     *    3931		3961		54		0.52
     *    3932		3960		123		0.84
     *    3933		3959		133		0.87
     *    3934		3958		134		0.87
     *    3935		3957		81		0.68
     *    3936		3956		129		0.86
     *    3937		3955		114		0.82
          3938		3954		131		0.86
          3962		4017		56		0.53
     *    3963		4016		130		0.86
     *    3964		4015		150		0.90
          3965		4014		24		0.25
          3966		4013		6		0.03
          3970		4011		12		0.11
          3971		4010		85		0.70
          3972		4009		0		0.00
     *    3977		4004		86		0.71
          3978		4003		2		0.00
     *    3979		4002		28		0.29
          3980		4001		10		0.08
          3981		4000		8		0.05
          3982		3996		16		0.16
          3983		3995		16		0.16
          3984		3994		2		0.00
          3985		3993		20		0.20
     *    3986		3992		98		0.76
     *    4021		4056		127		0.85
     *    4022		4055		72		0.64
          4023		4054		64		0.59
     *    4029		4049		134		0.87
     *    4030		4048		142		0.89
          4031		4047		41		0.41
          4032		4046		0		0.00
          4033		4045		1		0.00
          4124		4220		10		0.08
     *    4125		4219		65		0.59
     *    4126		4218		145		0.89
          4127		4217		52		0.50
          4128		4144		134		0.87
     *    4129		4143		61		0.57
     *    4130		4142		147		0.90
     *    4131		4141		118		0.83
     *    4132		4140		78		0.67
          4149		4213		0		0.00
     *    4150		4212		86		0.71
          4151		4211		0		0.00
          4152		4209		88		0.72
     *    4153		4208		153		0.91
     *    4154		4207		120		0.83
     *    4155		4206		144		0.89
          4156		4205		14		0.13
     *    4157		4202		68		0.61
     *    4158		4201		28		0.29
     *    4159		4200		110		0.80
          4162		4196		21		0.21
          4165		4195		36		0.37
     *    4166		4194		74		0.65
     *    4167		4193		142		0.89
     *    4168		4192		131		0.86
     *    4169		4191		73		0.64
          4172		4187		0		0.00
#
# BPAIRS 786
# avg substitutions per BP  71.5
# BPAIRS expected to covary 417.0
# BPAIRS observed to covary 454
#
